country,comid,latitude,longitude,alert
ecu,9019828,1.2448,-78.88538,R0
ecu,9019864,1.33217,-78.6915,R0
ecu,9019981,1.23703,-78.53488,R0
ecu,9019982,1.18486,-78.49713,R0
ecu,9020005,1.19144,-78.72321,R0
ecu,9020015,1.17529,-78.7293,R0
ecu,9020032,1.1953,-78.92034,R0
ecu,9020123,1.16651,-78.67721,R0
ecu,9020126,1.17439,-78.44604,R0
ecu,9020173,1.15985,-78.75776,R0
ecu,9020258,1.13515,-78.68966,R0
ecu,9020260,1.1525,-78.96077,R0
ecu,9020312,1.10186,-78.72934,R0
ecu,9020319,1.0762,-78.8944,R0
ecu,9020332,1.07723,-78.94368,R0
ecu,9020344,1.07278,-79.21623,R2
ecu,9020357,1.09378,-78.80316,R0
ecu,9020411,1.0578,-78.86678,R0
ecu,9020412,1.05087,-78.82326,R0
ecu,9020496,1.03151,-78.82985,R0
ecu,9020508,1.04364,-79.26558,R0
ecu,9020518,1.07764,-78.46847,R0
ecu,9020565,1.04168,-79.0044,R0
ecu,9020617,1.02677,-78.7369,R0
ecu,9020680,1.01605,-79.31765,R0
ecu,9020705,1.09849,-78.28897,R0
ecu,9020714,0.96491,-79.04507,R0
ecu,9020720,0.93839,-79.09217,R0
ecu,9020721,0.97627,-78.78266,R0
ecu,9020722,0.93831,-78.1892,R0
ecu,9020728,1.04575,-78.33534,R0
ecu,9020731,1.00437,-79.42348,R0
ecu,9020756,0.96903,-79.50537,R0
ecu,9020797,0.92141,-79.06538,R0
ecu,9020803,0.929,-78.13796,R0
ecu,9020835,0.90027,-79.07795,R0
ecu,9020855,0.89346,-78.06171,R0
ecu,9020874,0.90645,-79.40719,R0
ecu,9020876,1.01815,-78.51702,R0
ecu,9020899,0.87254,-79.84117,R0
ecu,9020907,0.86563,-79.84375,R0
ecu,9020924,0.91718,-78.98492,R0
ecu,9020934,0.95768,-79.36726,R0
ecu,9020941,0.8818,-78.64822,R0
ecu,9020974,0.84087,-78.65947,R0
ecu,9020993,0.88182,-79.44003,R0
ecu,9020995,0.83665,-77.69482,R0
ecu,9020997,0.90179,-78.80451,R0
ecu,9020998,0.83577,-78.70595,R0
ecu,9021002,0.84058,-78.95004,R0
ecu,9021003,0.8307,-78.92544,R0
ecu,9021012,0.86235,-78.08453,R0
ecu,9021015,0.88898,-79.69132,R0
ecu,9021041,0.82201,-77.67354,R0
ecu,9021045,0.81385,-77.67135,R0
ecu,9021049,0.81905,-79.94319,R0
ecu,9021058,0.82959,-78.97629,R0
ecu,9021062,0.81546,-79.71674,R0
ecu,9021064,0.83338,-77.77057,R0
ecu,9021081,0.83816,-78.44873,R0
ecu,9021088,0.81299,-78.92971,R0
ecu,9021152,0.77599,-79.16176,R0
ecu,9021163,0.78493,-78.88152,R0
ecu,9021168,0.83118,-79.06623,R0
ecu,9021173,0.79941,-79.40479,R0
ecu,9021174,0.78421,-79.12302,R0
ecu,9021183,0.8209,-78.35187,R0
ecu,9021184,0.78443,-78.20479,R0
ecu,9021186,0.77714,-78.4212,R0
ecu,9021191,0.75977,-79.3671,R0
ecu,9021212,0.77933,-78.45377,R0
ecu,9021217,0.79706,-79.45555,R0
ecu,9021223,0.77397,-78.92984,R0
ecu,9021236,0.81046,-79.85942,R0
ecu,9021237,0.8028,-77.77,R0
ecu,9021289,0.74368,-78.23645,R0
ecu,9021326,0.72001,-78.21815,R0
ecu,9021329,0.7201,-78.20798,R0
ecu,9021332,0.76679,-79.6956,R0
ecu,9021342,0.72884,-78.4582,R0
ecu,9021343,0.70983,-78.18586,R0
ecu,9021352,0.73893,-79.16196,R0
ecu,9021365,0.73991,-79.0863,R0
ecu,9021378,0.70282,-79.69,R0
ecu,9021414,0.71633,-78.94541,R0
ecu,9021459,0.67409,-78.95548,R0
ecu,9021465,0.68605,-78.1937,R0
ecu,9021467,0.68981,-79.72379,R0
ecu,9021468,0.73945,-78.71242,R0
ecu,9021469,0.66331,-78.6666,R0
ecu,9021479,0.71043,-79.39546,R0
ecu,9021481,0.79678,-79.58406,R0
ecu,9021489,0.66358,-77.48348,R0
ecu,9021493,0.67175,-80.05061,R0
ecu,9021496,0.68748,-78.85522,R0
ecu,9021498,0.65732,-78.17513,R0
ecu,9021507,0.66826,-78.57107,R0
ecu,9021511,0.65155,-79.34273,R0
ecu,9021527,0.65182,-80.01703,R0
ecu,9021534,0.64796,-77.53905,R0
ecu,9021582,0.69154,-78.38336,R0
ecu,9021585,0.63715,-79.37147,R0
ecu,9021641,0.64641,-78.92764,R0
ecu,9021642,0.6329,-78.15154,R0
ecu,9021643,0.60478,-77.76525,R0
ecu,9021644,0.61299,-77.73904,R0
ecu,9021681,0.62238,-77.48178,R0
ecu,9021688,0.61684,-79.98473,R0
ecu,9021692,0.62568,-79.55811,R0
ecu,9021696,0.59166,-78.11336,R0
ecu,9021701,0.63787,-79.02321,R0
ecu,9021712,0.58657,-79.60278,R0
ecu,9021713,0.58505,-77.47761,R0
ecu,9021733,0.58527,-79.11788,R0
ecu,9021738,0.57692,-79.09057,R0
ecu,9021769,0.57428,-79.56802,R10
ecu,9021779,0.56354,-79.67062,R0
ecu,9021780,0.57236,-79.65113,R0
ecu,9021783,0.5695,-79.90088,R0
ecu,9021808,0.60649,-78.62784,R0
ecu,9021830,0.56933,-78.91812,R0
ecu,9021843,0.56994,-78.13141,R0
ecu,9021881,0.53648,-79.99765,R0
ecu,9021901,0.53481,-79.95124,R0
ecu,9021902,0.58436,-78.84031,R0
ecu,9021913,0.52657,-78.18125,R0
ecu,9021914,0.52582,-78.12074,R0
ecu,9021926,0.53206,-77.82412,R0
ecu,9021927,0.55048,-77.78325,R0
ecu,9021956,0.57948,-78.97093,R0
ecu,9021963,0.50897,-78.11607,R0
ecu,9021970,0.50691,-78.1075,R0
ecu,9022001,0.50705,-79.97715,R0
ecu,9022006,0.575,-78.69032,R0
ecu,9022009,0.50757,-79.89064,R0
ecu,9022024,0.56408,-79.4609,R0
ecu,9022030,0.48454,-78.09092,R0
ecu,9022031,0.56198,-78.00018,R0
ecu,9022038,0.47997,-78.69385,R0
ecu,9022041,0.47348,-78.0446,R0
ecu,9022043,0.48048,-78.70522,R0
ecu,9022046,0.5124,-79.70147,R0
ecu,9022047,0.47422,-79.38621,R0
ecu,9022055,0.48399,-79.23691,R0
ecu,9022064,0.47705,-79.07756,R0
ecu,9022068,0.46345,-77.53991,R0
ecu,9022069,0.52875,-77.51354,R0
ecu,9022076,0.46082,-79.15308,R0
ecu,9022078,0.46089,-79.39054,R0
ecu,9022081,0.45805,-79.20152,R0
ecu,9022114,0.45903,-79.31287,R0
ecu,9022128,0.44576,-79.15613,R0
ecu,9022137,0.47663,-77.8822,R0
ecu,9022139,0.44978,-77.9833,R0
ecu,9022167,0.50063,-79.64801,R0
ecu,9022170,0.46349,-78.43071,R0
ecu,9022173,0.44463,-78.01106,R0
ecu,9022185,0.41761,-78.44219,R0
ecu,9022227,0.41763,-77.93365,R0
ecu,9022233,0.4508,-78.1223,R0
ecu,9022258,0.4071,-77.20008,R0
ecu,9022273,0.39187,-77.89517,R0
ecu,9022275,0.40495,-76.33843,R0
ecu,9022281,0.42232,-79.3647,R0
ecu,9022282,0.40738,-76.24811,R0
ecu,9022290,0.38242,-77.15625,R0
ecu,9022298,0.43151,-77.68815,R0
ecu,9022304,0.381,-78.23124,R0
ecu,9022305,0.38722,-78.17599,R0
ecu,9022306,0.37914,-76.19066,R0
ecu,9022308,0.37752,-77.68634,R0
ecu,9022324,0.37463,-77.12325,R0
ecu,9022327,0.37594,-79.50549,R0
ecu,9022328,0.40681,-79.10289,R0
ecu,9022336,0.39452,-77.32472,R0
ecu,9022366,0.38937,-78.48383,R0
ecu,9022372,0.35788,-79.52017,R0
ecu,9022382,0.39812,-78.52533,R2
ecu,9022383,0.34944,-78.51999,R0
ecu,9022410,0.40516,-79.44004,R0
ecu,9022414,0.3683,-77.92593,R0
ecu,9022426,0.34754,-79.48699,R0
ecu,9022427,0.33468,-79.47271,R0
ecu,9022468,0.34188,-76.25908,R0
ecu,9022469,0.3548,-76.12943,R0
ecu,9022479,0.35959,-79.30576,R0
ecu,9022480,0.33853,-78.49721,R2
ecu,9022510,0.31545,-79.1289,R0
ecu,9022511,0.32105,-76.06134,R0
ecu,9022512,0.31382,-76.0146,R0
ecu,9022517,0.31809,-77.92319,R0
ecu,9022534,0.29833,-79.11685,R0
ecu,9022535,0.31075,-79.48972,R0
ecu,9022551,0.32683,-77.09446,R0
ecu,9022552,0.30499,-76.1282,R0
ecu,9022557,0.2939,-77.1197,R0
ecu,9022565,0.28896,-77.17347,R0
ecu,9022569,0.28826,-77.05948,R0
ecu,9022581,0.28768,-79.50471,R0
ecu,9022593,0.28604,-77.01692,R0
ecu,9022613,0.29717,-79.06604,R0
ecu,9022626,0.275,-76.99125,R0
ecu,9022665,0.31729,-78.94899,R0
ecu,9022666,0.27226,-77.05264,R0
ecu,9022672,0.3101,-79.89642,R0
ecu,9022675,0.27716,-79.55202,R0
ecu,9022676,0.26852,-79.52413,R0
ecu,9022690,0.31438,-78.24611,R2
ecu,9022694,0.26003,-76.79409,R0
ecu,9022698,0.25005,-78.28652,R2
ecu,9022703,0.26455,-76.75436,R0
ecu,9022710,0.2649,-76.9417,R0
ecu,9022714,0.25185,-79.93524,R0
ecu,9022715,0.29025,-77.95034,R0
ecu,9022716,0.2875,-78.75804,R0
ecu,9022718,0.25046,-76.82703,R0
ecu,9022728,0.24635,-76.86928,R0
ecu,9022730,0.28137,-79.13198,R0
ecu,9022731,0.26926,-79.47286,R0
ecu,9022732,0.27997,-79.4175,R0
ecu,9022733,0.24204,-79.34934,R0
ecu,9022742,0.2396,-78.76033,R0
ecu,9022747,0.24492,-79.90204,R0
ecu,9022755,0.252,-79.01529,R0
ecu,9022772,0.33398,-77.49515,R0
ecu,9022775,0.26672,-77.25687,R0
ecu,9022776,0.25859,-77.17025,R0
ecu,9022777,0.2334,-79.33453,R0
ecu,9022778,0.26169,-76.6589,R0
ecu,9022787,0.25231,-78.89332,R0
ecu,9022789,0.22847,-78.73427,R0
ecu,9022790,0.23845,-78.69855,R0
ecu,9022791,0.24219,-76.53801,R0
ecu,9022801,0.28212,-78.57804,R0
ecu,9022808,0.21855,-78.7096,R0
ecu,9022809,0.22206,-78.59471,R0
ecu,9022819,0.23731,-76.36106,R0
ecu,9022821,0.2311,-78.84881,R0
ecu,9022832,0.2222,-79.01895,R0
ecu,9022833,0.22022,-78.68667,R0
ecu,9022838,0.24622,-79.50787,R0
ecu,9022843,0.25406,-75.98489,R0
ecu,9022847,0.30799,-78.10114,R0
ecu,9022856,0.21299,-78.64766,R0
ecu,9022859,0.23157,-77.28397,R0
ecu,9022861,0.2286,-77.73752,R0
ecu,9022868,0.21696,-78.97963,R0
ecu,9022869,0.21275,-78.9345,R0
ecu,9022876,0.22717,-79.58218,R0
ecu,9022897,0.22818,-78.23502,R10
ecu,9022900,0.20734,-78.69621,R0
ecu,9022907,0.19852,-78.94238,R0
ecu,9022910,0.20165,-75.96534,R0
ecu,9022926,0.25391,-79.24116,R0
ecu,9022935,0.21594,-76.79348,R0
ecu,9022936,0.2053,-76.62175,R0
ecu,9022937,0.1868,-78.92153,R0
ecu,9022945,0.27725,-77.66207,R0
ecu,9022946,0.2228,-77.59042,R0
ecu,9022951,0.18613,-79.97541,R0
ecu,9022965,0.22077,-77.04534,R0
ecu,9022970,0.2034,-79.33022,R0
ecu,9022977,0.23491,-79.73001,R0
ecu,9022981,0.1809,-78.70279,R0
ecu,9022986,0.18278,-76.30308,R0
ecu,9022991,0.19674,-77.79419,R0
ecu,9023002,0.19654,-76.18664,R0
ecu,9023004,0.18446,-79.50959,R2
ecu,9023017,0.15856,-76.18609,R0
ecu,9023025,0.157,-79.69493,R0
ecu,9023026,0.19269,-78.74316,R0
ecu,9023037,0.15921,-79.29313,R0
ecu,9023038,0.15524,-79.2507,R0
ecu,9023065,0.15667,-79.94901,R0
ecu,9023068,0.18158,-76.5137,R0
ecu,9023072,0.15852,-79.99099,R0
ecu,9023082,0.16915,-77.70846,R0
ecu,9023083,0.15648,-77.67819,R0
ecu,9023089,0.17178,-76.97301,R0
ecu,9023092,0.14851,-78.44414,R0
ecu,9023095,0.17602,-79.54968,R0
ecu,9023099,0.12987,-78.44896,R0
ecu,9023105,0.13804,-78.40154,R0
ecu,9023111,0.15749,-78.68134,R0
ecu,9023119,0.15804,-75.90118,R0
ecu,9023122,0.12621,-79.56785,R0
ecu,9023123,0.12386,-78.64969,R0
ecu,9023137,0.14807,-79.63139,R0
ecu,9023142,0.16694,-77.46675,R0
ecu,9023143,0.11823,-77.4092,R0
ecu,9023154,0.15448,-78.56293,R0
ecu,9023158,0.126,-79.25876,R0
ecu,9023165,0.12287,-77.7043,R0
ecu,9023189,0.13681,-79.3265,R0
ecu,9023190,0.12939,-76.00758,R0
ecu,9023210,0.1059,-77.3996,R0
ecu,9023224,0.09838,-79.17923,R0
ecu,9023238,0.09052,-77.40754,R0
ecu,9023249,0.08532,-79.60713,R0
ecu,9023250,0.10111,-79.58255,R0
ecu,9023256,0.10561,-79.55686,R0
ecu,9023270,0.08416,-77.3812,R0
ecu,9023278,0.08785,-79.33192,R2
ecu,9023296,0.08796,-77.55586,R0
ecu,9023304,0.06715,-77.18744,R0
ecu,9023309,0.11225,-79.4856,R2
ecu,9023312,0.07982,-79.35334,R0
ecu,9023320,0.06656,-78.16388,R0
ecu,9023321,0.10068,-78.10301,R0
ecu,9023329,0.05995,-77.19741,R0
ecu,9023345,0.0847,-75.82626,R0
ecu,9023346,0.05212,-75.79526,R0
ecu,9023352,0.06275,-77.28996,R0
ecu,9023370,0.08327,-78.66449,R0
ecu,9023374,0.07091,-79.17919,R0
ecu,9023381,0.05463,-75.6708,R0
ecu,9023387,0.04189,-75.72615,R0
ecu,9023391,0.05215,-77.14052,R0
ecu,9023392,0.05193,-77.00636,R0
ecu,9023394,0.04478,-77.2082,R0
ecu,9023398,0.08129,-78.42774,R0
ecu,9023417,0.03081,-77.10868,R0
ecu,9023422,0.03983,-79.31088,R0
ecu,9023424,0.08705,-78.88672,R0
ecu,9023426,0.06095,-77.87502,R50
ecu,9023441,0.03572,-76.2615,R0
ecu,9023442,0.03131,-76.19795,R0
ecu,9023453,0.01669,-77.66046,R0
ecu,9023462,0.04807,-79.61329,R0
ecu,9023463,0.02944,-75.83204,R0
ecu,9023468,0.02952,-75.62364,R0
ecu,9023470,0.01232,-79.62249,R0
ecu,9023471,0.03567,-79.36659,R0
ecu,9023477,0.03254,-78.16861,R0
ecu,9023481,0.02267,-78.67621,R0
ecu,9023482,0.00627,-78.17433,R0
ecu,9023501,0.03305,-77.43345,R0
ecu,9023507,0.00762,-77.65756,R0
ecu,9023508,0.02688,-77.58698,R0
ecu,9023529,0.01272,-79.66966,R0
ecu,9023530,0.00154,-79.63503,R0
ecu,9023531,-0.00107,-78.16975,R0
ecu,9023552,0.02352,-78.62347,R0
ecu,9023553,0.00535,-78.1436,R0
ecu,9023569,-0.00017,-79.61093,R0
ecu,9023575,-0.0177,-79.65919,R0
ecu,9023580,-0.01707,-78.82104,R2
ecu,9023581,0.00106,-76.97885,R0
ecu,9023582,0.00604,-76.3916,R0
ecu,9023588,-0.02298,-76.38894,R0
ecu,9023597,0.0397,-76.76197,R0
ecu,9023612,-0.00886,-76.19375,R0
ecu,9023615,-0.01506,-79.63344,R0
ecu,9023616,-0.01527,-79.33523,R0
ecu,9023624,-0.0038,-78.40209,R0
ecu,9023625,-0.00926,-78.2806,R0
ecu,9023632,0.04738,-79.48033,R0
ecu,9023633,-0.03332,-76.69703,R0
ecu,9023634,-0.0333,-76.26967,R0
ecu,9023649,-0.0333,-77.32372,R0
ecu,9023654,-0.01112,-80.07416,R0
ecu,9023659,-0.01333,-77.88363,R0
ecu,9023684,-0.00012,-79.90547,R0
ecu,9023685,-0.03463,-76.6087,R0
ecu,9023686,-0.011,-76.57831,R0
ecu,9023691,-0.04621,-78.38774,R0
ecu,9023694,-0.03838,-79.60969,R0
ecu,9023709,-0.04913,-78.36601,R0
ecu,9023716,-0.04212,-78.09705,R0
ecu,9023743,-0.02505,-78.44281,R0
ecu,9023746,-0.05273,-78.74466,R0
ecu,9023765,-0.06898,-77.80951,R0
ecu,9023766,-0.00924,-77.79407,R2
ecu,9023769,-0.04786,-78.12111,R0
ecu,9023794,-0.0235,-78.99284,R0
ecu,9023798,-0.06884,-80.07017,R0
ecu,9023799,-0.0579,-78.82984,R0
ecu,9023807,-0.07283,-78.37974,R0
ecu,9023808,-0.08654,-75.90671,R0
ecu,9023812,-0.06674,-77.24541,R0
ecu,9023813,-0.07217,-76.02848,R0
ecu,9023815,-0.09687,-77.20688,R0
ecu,9023816,-0.07731,-79.57799,R0
ecu,9023817,-0.09603,-80.04976,R0
ecu,9023818,-0.09597,-75.92668,R0
ecu,9023821,-0.09389,-78.36346,R0
ecu,9023822,-0.07849,-79.60611,R0
ecu,9023823,-0.09857,-78.82932,R2
ecu,9023831,-0.08272,-76.68935,R0
ecu,9023833,-0.08598,-76.11771,R0
ecu,9023841,-0.05572,-79.30923,R0
ecu,9023845,-0.10472,-79.18879,R0
ecu,9023846,-0.1074,-78.97351,R0
ecu,9023847,-0.08507,-75.66782,R0
ecu,9023855,-0.10626,-78.32093,R0
ecu,9023860,-0.09814,-79.07125,R0
ecu,9023861,-0.06033,-75.44687,R0
ecu,9023870,-0.10669,-78.38022,R0
ecu,9023875,-0.11536,-79.22624,R0
ecu,9023876,-0.12107,-75.27353,R0
ecu,9023886,-0.12579,-76.35407,R0
ecu,9023888,-0.10055,-76.79048,R0
ecu,9023900,-0.11688,-78.33904,R0
ecu,9023902,-0.12223,-76.28672,R0
ecu,9023906,-0.13111,-76.30513,R0
ecu,9023908,-0.12867,-79.18386,R0
ecu,9023914,-0.08418,-76.54448,R0
ecu,9023934,-0.13078,-78.38747,R0
ecu,9023935,-0.13112,-76.58507,R0
ecu,9023943,-0.11951,-80.07114,R0
ecu,9023944,-0.13726,-79.12482,R0
ecu,9023951,-0.11938,-79.78936,R0
ecu,9023955,-0.12559,-79.62153,R0
ecu,9023956,-0.09229,-79.48646,R0
ecu,9023957,-0.10206,-77.3324,R0
ecu,9023968,-0.13786,-76.34234,R0
ecu,9023977,-0.13801,-75.27845,R0
ecu,9023983,-0.14852,-79.70702,R0
ecu,9023989,-0.13069,-79.58002,R0
ecu,9023995,-0.15404,-80.21468,R0
ecu,9024000,-0.12196,-75.98311,R0
ecu,9024004,-0.14511,-79.67455,R0
ecu,9024009,-0.1589,-79.64249,R0
ecu,9024013,-0.13811,-75.44231,R0
ecu,9024016,-0.1356,-75.78936,R0
ecu,9024017,-0.14051,-75.63976,R0
ecu,9024043,-0.16039,-78.40852,R0
ecu,9024050,-0.17095,-79.66894,R0
ecu,9024067,-0.16426,-76.11095,R0
ecu,9024070,-0.14978,-78.98008,R0
ecu,9024076,-0.17363,-79.52404,R0
ecu,9024083,-0.17311,-79.45804,R0
ecu,9024084,-0.19057,-78.95945,R0
ecu,9024085,-0.18798,-78.9299,R0
ecu,9024091,-0.1933,-78.47426,R0
ecu,9024092,-0.19034,-78.4386,R25
ecu,9024118,-0.1688,-79.10893,R0
ecu,9024121,-0.10059,-77.52251,R0
ecu,9024126,-0.15715,-77.74374,R0
ecu,9024135,-0.18628,-76.83724,R0
ecu,9024139,-0.19234,-77.507,R0
ecu,9024140,-0.17989,-77.42584,R0
ecu,9024143,-0.17546,-78.38229,R0
ecu,9024146,-0.20894,-76.83149,R0
ecu,9024154,-0.18528,-75.708,R0
ecu,9024157,-0.17907,-79.61525,R0
ecu,9024182,-0.18764,-75.93519,R0
ecu,9024183,-0.21261,-75.97656,R0
ecu,9024186,-0.19875,-80.25806,R0
ecu,9024187,-0.22086,-79.58106,R0
ecu,9024194,-0.21945,-78.05865,R0
ecu,9024195,-0.21353,-78.01472,R0
ecu,9024232,-0.1919,-78.33475,R0
ecu,9024233,-0.23138,-76.56463,R0
ecu,9024234,-0.19636,-76.59988,R0
ecu,9024236,-0.22112,-77.70014,R0
ecu,9024248,-0.14263,-78.73814,R2
ecu,9024254,-0.21985,-77.93234,R0
ecu,9024286,-0.24839,-77.88973,R0
ecu,9024287,-0.2501,-77.85758,R0
ecu,9024292,-0.23231,-78.35469,R0
ecu,9024314,-0.25775,-78.33698,R0
ecu,9024323,-0.23362,-76.1975,R0
ecu,9024326,-0.24371,-75.91525,R0
ecu,9024328,-0.24977,-77.96396,R0
ecu,9024329,-0.24123,-77.50398,R0
ecu,9024335,-0.26168,-78.33923,R0
ecu,9024336,-0.2488,-76.82283,R0
ecu,9024346,-0.24347,-77.20055,R0
ecu,9024347,-0.25908,-77.13399,R0
ecu,9024352,-0.2344,-78.50524,R100
ecu,9024354,-0.26662,-76.8324,R0
ecu,9024380,-0.19471,-78.79179,R2
ecu,9024385,-0.26241,-80.23602,R0
ecu,9024386,-0.28261,-80.19462,R0
ecu,9024410,-0.23175,-78.43378,R0
ecu,9024412,-0.25524,-79.74626,R0
ecu,9024438,-0.25808,-76.37139,R0
ecu,9024466,-0.2896,-76.77882,R0
ecu,9024467,-0.25652,-76.77758,R0
ecu,9024473,-0.22387,-79.14006,R0
ecu,9024493,-0.29341,-76.03001,R0
ecu,9024495,-0.27875,-77.69218,R0
ecu,9024496,-0.31734,-76.48288,R0
ecu,9024497,-0.27726,-76.50277,R0
ecu,9024502,-0.2782,-77.74265,R0
ecu,9024505,-0.31534,-78.9951,R0
ecu,9024506,-0.31247,-77.18892,R0
ecu,9024507,-0.2945,-77.17274,R0
ecu,9024515,-0.29956,-77.83545,R0
ecu,9024520,-0.27008,-78.36179,R0
ecu,9024534,-0.32752,-79.18386,R0
ecu,9024538,-0.33148,-90.77123,R100
ecu,9024554,-0.32385,-79.02858,R0
ecu,9024555,-0.27466,-75.47334,R0
ecu,9024556,-0.32771,-75.45125,R0
ecu,9024587,-0.34038,-79.18295,R0
ecu,9024594,-0.34632,-78.84202,R5
ecu,9024597,-0.33783,-79.61505,R0
ecu,9024598,-0.33319,-79.58425,R0
ecu,9024599,-0.32981,-78.89722,R0
ecu,9024606,-0.33723,-79.21003,R0
ecu,9024620,-0.30395,-75.79557,R0
ecu,9024658,-0.33832,-77.3775,R0
ecu,9024662,-0.35737,-78.83826,R0
ecu,9024667,-0.35024,-78.08321,R0
ecu,9024674,-0.36674,-77.4126,R0
ecu,9024677,-0.32816,-75.53271,R0
ecu,9024683,-0.34305,-78.92605,R0
ecu,9024691,-0.3698,-78.7924,R2
ecu,9024700,-0.37812,-77.15354,R0
ecu,9024701,-0.34735,-77.15078,R0
ecu,9024710,-0.3484,-77.80647,R0
ecu,9024716,-0.37559,-78.11974,R0
ecu,9024730,-0.37843,-77.8465,R0
ecu,9024743,-0.33723,-78.42167,R0
ecu,9024748,-0.31188,-76.88961,R0
ecu,9024749,-0.3735,-75.83285,R0
ecu,9024751,-0.38566,-76.87291,R0
ecu,9024757,-0.38299,-76.23735,R0
ecu,9024758,-0.38505,-75.4459,R0
ecu,9024759,-0.36501,-75.43148,R0
ecu,9024772,-0.32971,-80.0469,R0
ecu,9024778,-0.35084,-80.16665,R0
ecu,9024779,-0.39827,-80.10058,R0
ecu,9024784,-0.38731,-75.53869,R0
ecu,9024787,-0.40146,-80.11542,R0
ecu,9024789,-0.2234,-77.07021,R0
ecu,9024806,-0.39088,-77.36643,R0
ecu,9024813,-0.3793,-79.20803,R0
ecu,9024814,-0.3978,-77.02746,R0
ecu,9024823,-0.38412,-76.36594,R0
ecu,9024841,-0.41446,-77.35628,R0
ecu,9024847,-0.40019,-76.60004,R0
ecu,9024848,-0.36237,-76.56178,R0
ecu,9024860,-0.40361,-77.82465,R0
ecu,9024865,-0.40744,-77.14645,R0
ecu,9024868,-0.38249,-79.51549,R0
ecu,9024869,-0.36948,-76.68293,R0
ecu,9024870,-0.42325,-76.61416,R0
ecu,9024872,-0.41323,-80.06927,R0
ecu,9024874,-0.42677,-76.6057,R0
ecu,9024875,-0.41684,-76.57514,R0
ecu,9024882,-0.4298,-80.0341,R0
ecu,9024883,-0.38438,-79.47151,R0
ecu,9024890,-0.32657,-80.30039,R0
ecu,9024891,-0.39634,-76.80232,R0
ecu,9024893,-0.40987,-78.02711,R0
ecu,9024894,-0.41901,-76.6911,R0
ecu,9024895,-0.43085,-76.53028,R0
ecu,9024900,-0.40158,-76.1583,R0
ecu,9024916,-0.40671,-78.80075,R0
ecu,9024917,-0.43639,-78.73365,R0
ecu,9024920,-0.40968,-78.92973,R0
ecu,9024921,-0.44248,-76.77095,R0
ecu,9024925,-0.43979,-76.80526,R0
ecu,9024930,-0.42136,-76.83341,R0
ecu,9024931,-0.44604,-78.95354,R0
ecu,9024939,-0.44775,-78.76053,R0
ecu,9024943,-0.4392,-77.84341,R0
ecu,9024944,-0.44783,-76.27233,R0
ecu,9024945,-0.44636,-76.1782,R0
ecu,9024948,-0.34873,-77.27549,R0
ecu,9024949,-0.44878,-76.67202,R0
ecu,9024954,-0.43352,-75.37808,R0
ecu,9024957,-0.40173,-79.60391,R0
ecu,9024961,-0.4191,-80.44914,R0
ecu,9024967,-0.44291,-80.04512,R0
ecu,9024968,-0.44611,-77.14724,R0
ecu,9024971,-0.45914,-79.61016,R0
ecu,9024972,-0.44264,-79.59567,R0
ecu,9024973,-0.43411,-77.39339,R0
ecu,9024979,-0.38215,-79.75592,R0
ecu,9024980,-0.44529,-77.81135,R0
ecu,9024982,-0.4591,-75.3263,R0
ecu,9024983,-0.45345,-77.91299,R0
ecu,9024984,-0.46249,-75.31548,R0
ecu,9024991,-0.39714,-75.64112,R0
ecu,9025004,-0.46486,-79.60466,R0
ecu,9025005,-0.45068,-79.57387,R0
ecu,9025009,-0.46316,-75.34162,R0
ecu,9025012,-0.43682,-76.98338,R0
ecu,9025013,-0.46154,-76.895,R0
ecu,9025021,-0.44873,-75.77921,R0
ecu,9025022,-0.40721,-79.26288,R0
ecu,9025023,-0.47037,-79.28422,R0
ecu,9025025,-0.46833,-79.64582,R0
ecu,9025040,-0.44346,-77.04603,R0
ecu,9025044,-0.47645,-76.9825,R0
ecu,9025047,-0.46111,-76.49293,R0
ecu,9025050,-0.44497,-79.80008,R0
ecu,9025051,-0.47363,-79.69447,R0
ecu,9025052,-0.43687,-78.414,R0
ecu,9025053,-0.43544,-78.3452,R0
ecu,9025054,-0.47983,-77.6061,R0
ecu,9025055,-0.44671,-77.58245,R0
ecu,9025078,-0.49104,-78.44019,R0
ecu,9025079,-0.44596,-77.30366,R0
ecu,9025087,-0.48738,-76.48397,R0
ecu,9025090,-0.48864,-77.00482,R0
ecu,9025096,-0.48802,-77.21898,R0
ecu,9025116,-0.46494,-76.56557,R0
ecu,9025117,-0.50743,-77.04314,R0
ecu,9025119,-0.50336,-76.64922,R0
ecu,9025126,-0.5119,-76.60553,R0
ecu,9025140,-0.49188,-76.36537,R0
ecu,9025151,-0.4719,-77.38651,R0
ecu,9025152,-0.49478,-75.58734,R0
ecu,9025169,-0.49944,-75.75728,R0
ecu,9025179,-0.5209,-76.85639,R0
ecu,9025181,-0.5054,-79.80874,R0
ecu,9025182,-0.49138,-76.77922,R0
ecu,9025206,-0.4832,-78.04038,R0
ecu,9025212,-0.45391,-78.85957,R0
ecu,9025216,-0.52482,-75.64398,R0
ecu,9025217,-0.51078,-77.31156,R0
ecu,9025229,-0.51006,-75.46914,R0
ecu,9025237,-0.52643,-79.72681,R0
ecu,9025238,-0.54239,-78.7791,R0
ecu,9025241,-0.54499,-78.80444,R5
ecu,9025248,-0.53126,-75.76884,R0
ecu,9025249,-0.49609,-76.05554,R0
ecu,9025255,-0.52641,-80.33995,R0
ecu,9025257,-0.54989,-75.48269,R0
ecu,9025259,-0.54244,-75.5411,R0
ecu,9025266,-0.5555,-76.0017,R0
ecu,9025271,-0.55004,-76.07564,R0
ecu,9025287,-0.54969,-79.80136,R0
ecu,9025288,-0.54572,-79.56772,R0
ecu,9025289,-0.56179,-79.55275,R0
ecu,9025297,-0.53691,-77.04556,R0
ecu,9025337,-0.56309,-75.49364,R0
ecu,9025343,-0.5566,-76.85535,R0
ecu,9025344,-0.56715,-76.0027,R0
ecu,9025398,-0.52863,-79.33354,R0
ecu,9025405,-0.6011,-91.06207,R0
ecu,9025406,-0.45691,-78.53724,R0
ecu,9025407,-0.47602,-79.44288,R0
ecu,9025408,-0.52785,-79.42517,R0
ecu,9025410,-0.5861,-79.29558,R0
ecu,9025440,-0.5579,-78.4182,R0
ecu,9025456,-0.5838,-77.15111,R0
ecu,9025470,-0.59408,-75.87876,R0
ecu,9025472,-0.62786,-76.58995,R0
ecu,9025488,-0.62819,-77.9114,R0
ecu,9025492,-0.55547,-77.87214,R0
ecu,9025514,-0.55269,-75.26149,R0
ecu,9025533,-0.62714,-76.26676,R0
ecu,9025536,-0.60502,-75.35406,R0
ecu,9025562,-0.64961,-77.93857,R0
ecu,9025563,-0.63497,-79.35738,R0
ecu,9025568,-0.6543,-76.80198,R0
ecu,9025569,-0.65542,-76.36702,R0
ecu,9025573,-0.65853,-79.99177,R0
ecu,9025578,-0.63303,-76.43338,R0
ecu,9025579,-0.65823,-75.78953,R0
ecu,9025585,-0.65361,-76.53398,R0
ecu,9025590,-0.6217,-79.55303,R0
ecu,9025591,-0.63729,-79.51546,R0
ecu,9025598,-0.57157,-78.91755,R0
ecu,9025601,-0.63873,-80.03909,R0
ecu,9025602,-0.67365,-80.0412,R0
ecu,9025626,-0.67424,-80.32057,R0
ecu,9025635,-0.68687,-79.65125,R0
ecu,9025636,-0.58239,-79.62122,R0
ecu,9025640,-0.64323,-80.0968,R0
ecu,9025641,-0.62573,-77.11369,R0
ecu,9025665,-0.69385,-80.17786,R0
ecu,9025666,-0.69237,-80.08622,R0
ecu,9025671,-0.61706,-79.2002,R0
ecu,9025672,-0.68371,-78.83699,R0
ecu,9025684,-0.69959,-80.14984,R0
ecu,9025707,-0.67665,-80.25666,R0
ecu,9025708,-0.70198,-78.27604,R0
ecu,9025713,-0.69333,-79.53799,R0
ecu,9025714,-0.69155,-79.50209,R0
ecu,9025717,-0.70649,-80.19059,R0
ecu,9025718,-0.68869,-76.36021,R0
ecu,9025723,-0.67114,-76.69094,R0
ecu,9025738,-0.70757,-79.06667,R0
ecu,9025739,-0.71057,-77.37821,R0
ecu,9025745,-0.65645,-76.10053,R0
ecu,9025749,-0.69673,-76.29474,R0
ecu,9025756,-0.6788,-77.43619,R0
ecu,9025760,-0.66432,-91.04984,R0
ecu,9025772,-0.71747,-78.29523,R0
ecu,9025790,-0.72251,-77.37344,R0
ecu,9025796,-0.71833,-77.45001,R0
ecu,9025803,-0.72126,-76.07325,R0
ecu,9025809,-0.70905,-77.15561,R0
ecu,9025820,-0.70419,-79.98718,R0
ecu,9025821,-0.71248,-78.19766,R0
ecu,9025822,-0.6345,-78.1737,R0
ecu,9025832,-0.72142,-76.7693,R0
ecu,9025847,-0.61714,-77.37978,R0
ecu,9025848,-0.73903,-77.19496,R0
ecu,9025858,-0.73784,-90.43154,R0
ecu,9025879,-0.69467,-79.73104,R0
ecu,9025880,-0.72324,-79.66073,R0
ecu,9025884,-0.72644,-90.91062,R0
ecu,9025895,-0.73625,-80.20976,R0
ecu,9025913,-0.7655,-77.64245,R0
ecu,9025916,-0.76672,-80.50813,R0
ecu,9025917,-0.73944,-79.05486,R2
ecu,9025930,-0.68577,-77.7016,R0
ecu,9025936,-0.75962,-78.07405,R0
ecu,9025937,-0.73903,-78.02003,R2
ecu,9025945,-0.76855,-80.19471,R0
ecu,9025951,-0.77264,-80.20633,R0
ecu,9025953,-0.75841,-77.32702,R0
ecu,9025954,-0.76328,-77.24156,R0
ecu,9025994,-0.7168,-78.58387,R0
ecu,9026003,-0.78245,-79.69223,R0
ecu,9026004,-0.77538,-79.67776,R0
ecu,9026005,-0.77897,-78.59729,R0
ecu,9026012,-0.74413,-77.57533,R0
ecu,9026018,-0.78179,-77.48758,R0
ecu,9026021,-0.80109,-77.55953,R0
ecu,9026035,-0.79397,-80.18188,R0
ecu,9026036,-0.80534,-77.43139,R0
ecu,9026039,-0.79669,-80.22182,R0
ecu,9026041,-0.79704,-76.58835,R0
ecu,9026042,-0.77082,-76.45898,R0
ecu,9026044,-0.79488,-80.13242,R0
ecu,9026045,-0.81072,-77.00875,R0
ecu,9026046,-0.74994,-76.92539,R0
ecu,9026073,-0.79708,-91.34282,R0
ecu,9026099,-0.71343,-75.62743,R0
ecu,9026110,-0.80085,-78.51438,R0
ecu,9026111,-0.82476,-78.51151,R0
ecu,9026119,-0.81878,-79.41023,R0
ecu,9026120,-0.7295,-79.28312,R0
ecu,9026124,-0.82921,-78.24938,R0
ecu,9026136,-0.81117,-77.34911,R0
ecu,9026137,-0.7484,-75.77501,R0
ecu,9026144,-0.81328,-80.22246,R0
ecu,9026155,-0.8147,-78.02464,R0
ecu,9026159,-0.83675,-90.8544,R0
ecu,9026160,-0.81892,-78.61774,R0
ecu,9026161,-0.83319,-78.61048,R0
ecu,9026162,-0.82595,-77.98896,R0
ecu,9026163,-0.83027,-77.0223,R0
ecu,9026164,-0.77496,-76.73471,R0
ecu,9026165,-0.74569,-75.25898,R0
ecu,9026168,-0.84222,-78.28913,R0
ecu,9026173,-0.7582,-79.58657,R0
ecu,9026174,-0.8414,-79.59163,R0
ecu,9026175,-0.82048,-77.71014,R0
ecu,9026176,-0.81615,-77.66579,R0
ecu,9026182,-0.7846,-75.3269,R0
ecu,9026189,-0.81824,-75.90308,R0
ecu,9026190,-0.83514,-75.84491,R0
ecu,9026201,-0.85727,-76.49322,R0
ecu,9026207,-0.83076,-76.61903,R0
ecu,9026211,-0.82748,-80.50239,R0
ecu,9026215,-0.85608,-77.70984,R0
ecu,9026219,-0.79587,-77.7682,R0
ecu,9026227,-0.77831,-79.21948,R0
ecu,9026233,-0.84598,-79.28798,R0
ecu,9026271,-0.8688,-76.48813,R0
ecu,9026273,-0.84338,-79.69769,R0
ecu,9026304,-0.84577,-79.78098,R0
ecu,9026308,-0.85685,-80.13364,R0
ecu,9026309,-0.8684,-80.01906,R0
ecu,9026310,-0.88602,-79.76728,R5
ecu,9026311,-0.89133,-79.04485,R0
ecu,9026317,-0.78541,-78.88024,R0
ecu,9026319,-0.88248,-79.66235,R0
ecu,9026323,-0.80642,-77.20314,R0
ecu,9026345,-0.87301,-78.62292,R0
ecu,9026346,-0.85916,-78.5942,R0
ecu,9026360,-0.8976,-79.74457,R0
ecu,9026361,-0.89183,-79.73201,R0
ecu,9026362,-0.85024,-76.21399,R0
ecu,9026371,-0.87063,-79.42248,R0
ecu,9026372,-0.89613,-79.40122,R0
ecu,9026378,-0.89437,-80.44286,R0
ecu,9026380,-0.76893,-79.44328,R0
ecu,9026381,-0.90991,-79.4398,R0
ecu,9026382,-0.88515,-75.8168,R0
ecu,9026383,-0.90381,-75.77628,R0
ecu,9026384,-0.89405,-76.73863,R0
ecu,9026405,-0.85757,-76.34207,R0
ecu,9026410,-0.87199,-75.45861,R0
ecu,9026413,-0.90809,-78.87309,R2
ecu,9026419,-0.88058,-79.12353,R0
ecu,9026420,-0.92473,-79.17369,R0
ecu,9026421,-0.92177,-76.24668,R0
ecu,9026422,-0.91636,-76.16353,R0
ecu,9026427,-0.92581,-76.21005,R0
ecu,9026429,-0.84418,-77.32572,R0
ecu,9026435,-0.92854,-80.20313,R0
ecu,9026436,-0.87031,-80.1818,R0
ecu,9026441,-0.9158,-78.62531,R0
ecu,9026442,-0.91525,-78.59276,R0
ecu,9026443,-0.88596,-75.22731,R0
ecu,9026446,-0.78878,-75.41638,R0
ecu,9026449,-0.91478,-77.32346,R0
ecu,9026459,-0.91526,-79.05222,R0
ecu,9026484,-0.86384,-78.11736,R0
ecu,9026485,-0.89623,-78.01031,R0
ecu,9026493,-0.91375,-76.71932,R0
ecu,9026498,-0.92446,-76.02218,R0
ecu,9026501,-0.83442,-78.68141,R0
ecu,9026502,-0.93803,-78.61748,R0
ecu,9026506,-0.94399,-78.03895,R0
ecu,9026513,-0.94445,-75.90792,R0
ecu,9026519,-0.9101,-79.36328,R0
ecu,9026521,-0.94191,-80.18745,R0
ecu,9026527,-0.91608,-78.89427,R0
ecu,9026528,-0.94747,-78.04922,R0
ecu,9026532,-0.93472,-79.30117,R0
ecu,9026533,-0.87368,-76.97755,R0
ecu,9026535,-0.94456,-90.97863,R0
ecu,9026545,-0.9345,-79.44858,R0
ecu,9026548,-0.94484,-90.93324,R0
ecu,9026549,-0.95076,-80.60845,R0
ecu,9026563,-0.95576,-79.43733,R0
ecu,9026564,-0.93213,-78.28517,R0
ecu,9026567,-0.91399,-80.46865,R0
ecu,9026578,-0.95704,-80.68631,R0
ecu,9026590,-0.92097,-77.7354,R0
ecu,9026598,-0.95406,-75.21004,R0
ecu,9026608,-0.92699,-75.52023,R0
ecu,9026609,-0.94859,-75.40325,R0
ecu,9026623,-0.95039,-75.35212,R0
ecu,9026626,-0.96678,-78.66655,R0
ecu,9026628,-0.96198,-75.87812,R0
ecu,9026629,-0.87635,-75.98609,R0
ecu,9026634,-0.97269,-78.24849,R0
ecu,9026635,-0.98396,-75.30644,R0
ecu,9026643,-0.87653,-77.81377,R0
ecu,9026644,-0.97886,-77.77006,R0
ecu,9026645,-0.97898,-75.23977,R0
ecu,9026648,-0.9838,-75.32983,R0
ecu,9026651,-0.94344,-80.03037,R0
ecu,9026656,-0.96779,-78.61328,R0
ecu,9026657,-0.95146,-78.56967,R0
ecu,9026658,-0.98765,-77.79636,R0
ecu,9026665,-0.97522,-77.84471,R0
ecu,9026680,-0.98288,-77.49958,R0
ecu,9026681,-0.93705,-77.40562,R0
ecu,9026682,-0.9852,-75.42313,R0
ecu,9026707,-0.99311,-78.66116,R0
ecu,9026717,-0.99793,-78.59925,R0
ecu,9026718,-1.00031,-75.45141,R0
ecu,9026721,-0.9927,-78.62531,R0
ecu,9026726,-0.97985,-76.2761,R0
ecu,9026727,-0.9965,-75.31662,R0
ecu,9026731,-0.99194,-77.00614,R0
ecu,9026750,-1.00556,-79.62729,R0
ecu,9026751,-1.00609,-77.83585,R0
ecu,9026756,-0.97242,-79.5725,R0
ecu,9026757,-1.01083,-76.9342,R0
ecu,9026761,-0.96505,-75.78223,R0
ecu,9026762,-1.01363,-75.7785,R0
ecu,9026771,-1.0075,-91.15678,R0
ecu,9026775,-1.02125,-75.77708,R0
ecu,9026788,-1.01562,-77.08384,R0
ecu,9026812,-1.01204,-75.81217,R0
ecu,9026813,-1.00133,-91.21731,R0
ecu,9026818,-0.98969,-77.69876,R0
ecu,9026819,-0.9676,-77.61113,R0
ecu,9026823,-1.01572,-79.68391,R0
ecu,9026824,-1.02889,-79.66466,R0
ecu,9026846,-1.02371,-78.59751,R0
ecu,9026847,-1.04076,-78.59258,R0
ecu,9026852,-1.03725,-76.95041,R0
ecu,9026872,-1.01256,-80.36581,R2
ecu,9026873,-1.03769,-80.24578,R5
ecu,9026881,-1.00699,-78.00779,R0
ecu,9026889,-1.04764,-79.836,R0
ecu,9026890,-0.98382,-79.78574,R0
ecu,9026894,-1.02633,-77.50379,R0
ecu,9026905,-1.04214,-77.73538,R0
ecu,9026908,-1.05875,-78.41563,R0
ecu,9026920,-1.05205,-78.60244,R0
ecu,9026921,-1.04894,-77.62895,R0
ecu,9026923,-1.02023,-76.51597,R0
ecu,9026927,-1.05785,-80.25059,R10
ecu,9026931,-1.06227,-78.4165,R2
ecu,9026940,-1.01303,-78.18821,R0
ecu,9026945,-1.05258,-78.08046,R0
ecu,9026947,-1.05893,-78.68433,R0
ecu,9026948,-1.06782,-78.51124,R0
ecu,9026949,-1.04693,-77.57028,R0
ecu,9026950,-1.06278,-77.54681,R0
ecu,9026951,-1.04117,-76.61759,R0
ecu,9026956,-1.05127,-75.59437,R0
ecu,9026967,-1.06211,-78.54912,R0
ecu,9026971,-1.06952,-78.59091,R0
ecu,9026975,-1.03941,-75.46539,R0
ecu,9026977,-1.01034,-79.18645,R0
ecu,9026978,-1.03223,-76.07019,R0
ecu,9026986,-1.07684,-78.09243,R0
ecu,9026987,-1.08068,-79.3099,R0
ecu,9026988,-1.07187,-78.14385,R0
ecu,9026989,-1.07125,-78.02236,R0
ecu,9026992,-1.08112,-76.0012,R0
ecu,9027000,-1.07649,-77.85978,R0
ecu,9027006,-1.03787,-80.72427,R0
ecu,9027019,-1.07527,-77.95663,R0
ecu,9027022,-1.07043,-78.46567,R0
ecu,9027030,-1.07701,-77.54425,R0
ecu,9027043,-1.08553,-78.56711,R0
ecu,9027044,-1.07107,-75.65127,R0
ecu,9027065,-1.08941,-78.20968,R0
ecu,9027087,-1.09835,-78.11885,R0
ecu,9027101,-1.1121,-78.57678,R0
ecu,9027115,-1.0909,-79.3788,R0
ecu,9027121,-1.10759,-79.36249,R0
ecu,9027122,-1.103,-77.59576,R0
ecu,9027129,-1.10427,-79.00685,R0
ecu,9027142,-1.10786,-75.9392,R0
ecu,9027148,-1.1044,-79.3303,R0
ecu,9027149,-1.13166,-79.34013,R0
ecu,9027157,-1.13042,-78.95999,R0
ecu,9027160,-1.09882,-79.86823,R0
ecu,9027163,-1.13354,-79.37088,R0
ecu,9027164,-1.13747,-79.35438,R0
ecu,9027193,-1.12814,-77.9609,R0
ecu,9027209,-1.145,-79.93968,R0
ecu,9027231,-1.11373,-76.97422,R0
ecu,9027256,-1.11567,-76.52031,R0
ecu,9027275,-1.06765,-80.43613,R0
ecu,9027280,-1.13349,-76.1153,R0
ecu,9027281,-1.1722,-75.35661,R0
ecu,9027292,-1.17156,-76.89851,R0
ecu,9027307,-1.13249,-77.70844,R0
ecu,9027310,-1.1102,-76.72654,R0
ecu,9027383,-1.20304,-80.15284,R0
ecu,9027384,-1.15022,-79.14787,R0
ecu,9027387,-1.14029,-80.24725,R2
ecu,9027406,-1.19829,-80.36937,R0
ecu,9027412,-1.17625,-79.13322,R0
ecu,9027415,-1.19374,-80.40195,R0
ecu,9027427,-1.17275,-77.25709,R0
ecu,9027428,-1.21586,-78.98809,R0
ecu,9027447,-1.18749,-76.7749,R0
ecu,9027451,-1.21559,-80.1701,R0
ecu,9027457,-1.21739,-80.33957,R0
ecu,9027474,-1.17256,-78.56235,R0
ecu,9027476,-1.18227,-80.77734,R0
ecu,9027480,-1.17338,-77.67412,R0
ecu,9027492,-1.23332,-78.54393,R0
ecu,9027493,-1.22844,-76.73854,R0
ecu,9027500,-1.14573,-77.84413,R0
ecu,9027503,-1.21805,-76.38302,R0
ecu,9027510,-1.23691,-76.40118,R0
ecu,9027516,-1.22506,-77.95348,R0
ecu,9027522,-1.22943,-77.14027,R0
ecu,9027523,-1.17902,-75.63552,R0
ecu,9027549,-1.23797,-76.15674,R0
ecu,9027556,-1.24745,-77.88501,R0
ecu,9027557,-1.21863,-76.49874,R0
ecu,9027561,-1.25044,-76.16554,R0
ecu,9027574,-1.24054,-78.99276,R0
ecu,9027575,-1.25846,-77.89272,R0
ecu,9027590,-1.25426,-78.68708,R0
ecu,9027591,-1.24465,-78.60819,R0
ecu,9027598,-1.24153,-80.42032,R0
ecu,9027599,-1.25243,-76.38882,R0
ecu,9027605,-1.2053,-79.90804,R0
ecu,9027606,-1.20617,-79.84759,R0
ecu,9027609,-1.26833,-79.88833,R0
ecu,9027610,-1.1631,-79.77972,R0
ecu,9027613,-1.23037,-77.31193,R0
ecu,9027614,-1.26294,-76.42591,R0
ecu,9027626,-1.25258,-77.71591,R0
ecu,9027630,-1.22438,-80.69889,R0
ecu,9027632,-1.27496,-77.96386,R0
ecu,9027633,-1.25976,-77.92871,R0
ecu,9027634,-1.26596,-76.14024,R0
ecu,9027638,-1.24014,-80.44741,R0
ecu,9027639,-1.2542,-77.29549,R0
ecu,9027640,-1.25803,-77.15797,R0
ecu,9027645,-1.2489,-76.60541,R0
ecu,9027646,-1.26913,-76.48427,R0
ecu,9027651,-1.26672,-78.82593,R0
ecu,9027661,-1.28055,-78.74426,R0
ecu,9027676,-1.28493,-77.24479,R0
ecu,9027699,-1.29312,-76.24292,R0
ecu,9027713,-1.23692,-79.32564,R0
ecu,9027714,-1.28506,-77.46919,R0
ecu,9027719,-1.291,-76.18717,R0
ecu,9027749,-1.29576,-77.59825,R0
ecu,9027750,-1.284,-77.52411,R0
ecu,9027755,-1.29089,-76.34233,R0
ecu,9027756,-1.30026,-76.26093,R0
ecu,9027762,-1.2669,-79.21989,R0
ecu,9027782,-1.15758,-77.29065,R0
ecu,9027798,-1.25604,-78.22586,R0
ecu,9027799,-1.2839,-78.18509,R0
ecu,9027805,-1.31302,-75.61822,R0
ecu,9027810,-1.28888,-77.06683,R0
ecu,9027811,-1.32309,-77.01001,R0
ecu,9027833,-1.32283,-76.99459,R0
ecu,9027834,-1.32965,-75.64033,R0
ecu,9027841,-1.23415,-80.01605,R0
ecu,9027842,-1.31732,-77.14324,R0
ecu,9027857,-1.29435,-79.67452,R0
ecu,9027858,-1.29736,-79.63595,R0
ecu,9027874,-1.29362,-80.01847,R0
ecu,9027875,-1.32323,-76.69239,R0
ecu,9027876,-1.32834,-76.32404,R0
ecu,9027888,-1.34391,-79.94013,R0
ecu,9027899,-1.27702,-77.77456,R0
ecu,9027907,-1.18644,-79.71024,R0
ecu,9027908,-1.35396,-77.83289,R0
ecu,9027916,-1.34489,-79.91755,R0
ecu,9027917,-1.3165,-79.89421,R0
ecu,9027918,-1.28397,-79.72972,R0
ecu,9027932,-1.25275,-79.40028,R0
ecu,9027933,-1.32896,-79.3873,R0
ecu,9027934,-1.3358,-77.60259,R0
ecu,9027959,-1.32385,-75.54319,R0
ecu,9027968,-1.36708,-79.40375,R0
ecu,9027969,-1.35606,-79.32905,R0
ecu,9027974,-1.32334,-77.98802,R0
ecu,9027975,-1.35546,-75.58627,R0
ecu,9027985,-1.35695,-79.70499,R0
ecu,9027991,-1.19134,-79.52255,R0
ecu,9027996,-1.35578,-76.96792,R0
ecu,9028008,-1.36992,-77.82785,R0
ecu,9028019,-1.3288,-78.85576,R0
ecu,9028021,-1.37055,-80.67815,R0
ecu,9028041,-1.33102,-78.40102,R0
ecu,9028062,-1.37907,-80.26644,R0
ecu,9028082,-1.3836,-77.17842,R0
ecu,9028083,-1.39462,-76.96649,R0
ecu,9028087,-1.31829,-78.50578,R0
ecu,9028088,-1.36366,-78.31028,R0
ecu,9028091,-1.39504,-78.43129,R0
ecu,9028095,-1.40195,-78.34474,R0
ecu,9028099,-1.37128,-78.21039,R0
ecu,9028100,-1.41042,-78.18917,R0
ecu,9028101,-1.40502,-78.18734,R0
ecu,9028107,-1.33163,-79.44276,R0
ecu,9028108,-1.391,-79.42116,R0
ecu,9028109,-1.38869,-75.53237,R0
ecu,9028110,-1.40658,-75.51701,R0
ecu,9028124,-1.35756,-80.09419,R0
ecu,9028125,-1.4112,-78.24681,R0
ecu,9028134,-1.40481,-80.274,R0
ecu,9028135,-1.4091,-80.2467,R0
ecu,9028150,-1.40537,-79.19951,R0
ecu,9028155,-1.40424,-77.08665,R0
ecu,9028171,-1.40287,-76.89088,R0
ecu,9028185,-1.42045,-79.44048,R0
ecu,9028199,-1.42579,-76.81042,R0
ecu,9028226,-1.34683,-78.60399,R0
ecu,9028236,-1.43696,-76.75786,R0
ecu,9028237,-1.43587,-76.02242,R0
ecu,9028238,-1.42096,-75.98197,R0
ecu,9028271,-1.43337,-79.33396,R0
ecu,9028310,-1.45679,-76.97198,R0
ecu,9028317,-1.45033,-76.89057,R0
ecu,9028329,-1.4525,-80.0394,R0
ecu,9028332,-1.47431,-80.05968,R0
ecu,9028337,-1.45955,-76.75283,R0
ecu,9028339,-1.45666,-77.33977,R0
ecu,9028340,-1.47027,-76.95631,R0
ecu,9028345,-1.4569,-79.20366,R0
ecu,9028349,-1.44754,-77.12233,R0
ecu,9028382,-1.41728,-79.85197,R0
ecu,9028383,-1.47624,-79.8605,R0
ecu,9028409,-1.47162,-77.4206,R0
ecu,9028419,-1.47447,-75.9474,R0
ecu,9028435,-1.46475,-76.67735,R0
ecu,9028442,-1.46676,-79.45085,R0
ecu,9028443,-1.48489,-79.39253,R0
ecu,9028461,-1.47852,-76.0784,R0
ecu,9028467,-1.48853,-77.52979,R0
ecu,9028474,-1.50181,-77.2883,R0
ecu,9028483,-1.45813,-78.50409,R0
ecu,9028504,-1.50589,-76.57245,R0
ecu,9028508,-1.525,-76.53917,R0
ecu,9028509,-1.50395,-80.0497,R0
ecu,9028521,-1.52646,-80.02374,R0
ecu,9028526,-1.5259,-76.54735,R0
ecu,9028527,-1.52839,-76.54259,R0
ecu,9028529,-1.47086,-80.32835,R0
ecu,9028553,-1.51282,-80.70256,R0
ecu,9028567,-1.47406,-79.95099,R0
ecu,9028579,-1.5143,-76.92408,R0
ecu,9028581,-1.3858,-75.84821,R0
ecu,9028594,-1.51156,-75.77816,R0
ecu,9028651,-1.52923,-78.44743,R0
ecu,9028664,-1.54353,-76.6476,R0
ecu,9028671,-1.54906,-80.20126,R0
ecu,9028676,-1.53385,-79.86993,R0
ecu,9028677,-1.5711,-79.84947,R0
ecu,9028682,-1.54104,-75.85242,R0
ecu,9028702,-1.56403,-79.20134,R0
ecu,9028709,-1.56231,-80.10256,R0
ecu,9028715,-1.57662,-75.73634,R0
ecu,9028719,-1.58201,-79.18072,R0
ecu,9028743,-1.56397,-79.38582,R0
ecu,9028744,-1.58821,-79.39076,R0
ecu,9028757,-1.5774,-75.6017,R0
ecu,9028762,-1.56018,-78.53472,R0
ecu,9028766,-1.521,-80.43638,R0
ecu,9028767,-1.58893,-75.66046,R0
ecu,9028782,-1.56172,-76.01935,R0
ecu,9028791,-1.55663,-79.45139,R0
ecu,9028797,-1.60302,-79.42596,R0
ecu,9028811,-1.51649,-79.0244,R0
ecu,9028812,-1.55333,-78.96924,R0
ecu,9028814,-1.60819,-76.94083,R0
ecu,9028824,-1.615,-79.00167,R0
ecu,9028825,-1.60938,-78.94864,R0
ecu,9028833,-1.60468,-75.69892,R0
ecu,9028839,-1.6024,-78.09513,R0
ecu,9028845,-1.6097,-76.86395,R0
ecu,9028858,-1.62112,-76.98984,R0
ecu,9028859,-1.6194,-76.94234,R0
ecu,9028865,-1.5745,-76.38757,R0
ecu,9028882,-1.60108,-78.65751,R0
ecu,9028883,-1.5162,-76.26556,R0
ecu,9028884,-1.6162,-76.01794,R0
ecu,9028896,-1.63576,-78.59948,R0
ecu,9028897,-1.63059,-77.03996,R0
ecu,9028900,-1.63487,-80.01649,R10
ecu,9028901,-1.59434,-79.99606,R0
ecu,9028908,-1.56852,-78.20927,R0
ecu,9028911,-1.63455,-76.98537,R0
ecu,9028916,-1.63175,-78.11375,R0
ecu,9028921,-1.52001,-79.64169,R0
ecu,9028922,-1.56184,-79.56911,R0
ecu,9028925,-1.63919,-76.82555,R0
ecu,9028926,-1.63869,-76.26141,R0
ecu,9028940,-1.62474,-78.55952,R0
ecu,9028941,-1.64217,-76.0511,R0
ecu,9028945,-1.64222,-78.58672,R0
ecu,9028949,-1.64262,-77.0724,R0
ecu,9028961,-1.64875,-78.15987,R0
ecu,9028966,-1.62816,-80.46096,R0
ecu,9028971,-1.63718,-77.95235,R0
ecu,9028972,-1.56016,-77.94378,R0
ecu,9028974,-1.65557,-77.92816,R0
ecu,9028975,-1.62154,-78.51916,R0
ecu,9028976,-1.64074,-75.75688,R0
ecu,9028982,-1.61728,-80.28286,R0
ecu,9028984,-1.61299,-78.78466,R0
ecu,9029003,-1.64164,-78.07537,R0
ecu,9029004,-1.63223,-79.47022,R0
ecu,9029005,-1.63443,-79.45183,R0
ecu,9029018,-1.66047,-78.0518,R0
ecu,9029023,-1.66873,-78.03054,R0
ecu,9029024,-1.52291,-78.0924,R0
ecu,9029030,-1.66229,-80.75824,R0
ecu,9029044,-1.6337,-80.65203,R0
ecu,9029045,-1.67182,-80.65445,R0
ecu,9029055,-1.66844,-77.98008,R0
ecu,9029056,-1.66629,-77.91578,R0
ecu,9029059,-1.64228,-75.88523,R0
ecu,9029060,-1.64784,-75.69761,R0
ecu,9029067,-1.66608,-76.05943,R0
ecu,9029068,-1.67614,-80.78575,R0
ecu,9029072,-1.65664,-76.32482,R0
ecu,9029083,-1.65124,-79.00552,R0
ecu,9029084,-1.67777,-77.92397,R0
ecu,9029087,-1.67643,-80.71173,R0
ecu,9029102,-1.59784,-77.69697,R0
ecu,9029110,-1.6809,-78.97789,R0
ecu,9029138,-1.67076,-80.59493,R0
ecu,9029139,-1.68414,-80.64035,R0
ecu,9029147,-1.6829,-79.45771,R0
ecu,9029153,-1.65027,-76.15925,R0
ecu,9029155,-1.6444,-76.72259,R0
ecu,9029160,-1.67486,-76.27692,R0
ecu,9029165,-1.65408,-79.34065,R0
ecu,9029200,-1.68173,-78.59812,R0
ecu,9029201,-1.70888,-76.70012,R0
ecu,9029202,-1.71121,-76.66929,R0
ecu,9029208,-1.68939,-78.77077,R0
ecu,9029221,-1.68307,-80.00903,R0
ecu,9029223,-1.67552,-78.68727,R0
ecu,9029224,-1.71619,-78.62069,R0
ecu,9029229,-1.72071,-78.62751,R0
ecu,9029230,-1.68489,-75.82921,R0
ecu,9029232,-1.71301,-79.88947,R2
ecu,9029233,-1.65296,-79.8626,R0
ecu,9029234,-1.72012,-76.68717,R0
ecu,9029249,-1.70693,-80.05697,R0
ecu,9029250,-1.69614,-78.0445,R0
ecu,9029256,-1.53609,-79.758,R0
ecu,9029257,-1.72016,-79.77843,R0
ecu,9029264,-1.71445,-76.62896,R0
ecu,9029285,-1.68123,-79.26276,R0
ecu,9029286,-1.70552,-77.14963,R0
ecu,9029287,-1.65616,-77.22828,R0
ecu,9029292,-1.73408,-79.29862,R0
ecu,9029299,-1.73625,-77.11208,R0
ecu,9029302,-1.73253,-77.1695,R0
ecu,9029304,-1.71906,-77.5968,R0
ecu,9029354,-1.74625,-78.31874,R0
ecu,9029355,-1.7494,-78.30162,R0
ecu,9029369,-1.75054,-76.82111,R0
ecu,9029380,-1.73131,-79.67577,R0
ecu,9029381,-1.69871,-79.64626,R0
ecu,9029421,-1.73803,-79.47468,R0
ecu,9029426,-1.7291,-78.11929,R0
ecu,9029429,-1.74659,-80.0087,R0
ecu,9029432,-1.75744,-76.86375,R0
ecu,9029443,-1.76657,-78.30288,R0
ecu,9029454,-1.78006,-80.04357,R0
ecu,9029484,-1.78335,-78.34471,R0
ecu,9029487,-1.75152,-76.53508,R0
ecu,9029488,-1.76098,-76.4691,R0
ecu,9029497,-1.78776,-80.01973,R0
ecu,9029498,-1.79348,-79.53605,R0
ecu,9029499,-1.78648,-79.51179,R0
ecu,9029512,-1.70865,-77.38681,R0
ecu,9029513,-1.74541,-77.28279,R0
ecu,9029526,-1.77069,-80.22041,R0
ecu,9029538,-1.79807,-78.29036,R0
ecu,9029543,-1.77842,-76.6857,R0
ecu,9029581,-1.79078,-80.30679,R0
ecu,9029582,-1.7923,-79.47072,R0
ecu,9029583,-1.81458,-79.44625,R0
ecu,9029584,-1.77975,-79.41553,R0
ecu,9029596,-1.81617,-80.30434,R0
ecu,9029601,-1.79797,-80.3548,R0
ecu,9029602,-1.80316,-80.08099,R0
ecu,9029626,-1.78741,-79.36387,R0
ecu,9029645,-1.7743,-78.60061,R0
ecu,9029655,-1.82494,-80.28253,R0
ecu,9029667,-1.80795,-76.1202,R0
ecu,9029668,-1.82423,-76.09859,R0
ecu,9029670,-1.82311,-80.23468,R0
ecu,9029680,-1.79814,-79.62385,R0
ecu,9029690,-1.82468,-78.21875,R0
ecu,9029697,-1.82979,-79.5707,R0
ecu,9029708,-1.82211,-80.15224,R0
ecu,9029710,-1.82892,-78.28568,R0
ecu,9029711,-1.8252,-77.89579,R0
ecu,9029716,-1.84037,-80.40724,R0
ecu,9029717,-1.83682,-80.34327,R0
ecu,9029733,-1.84183,-80.29274,R0
ecu,9029734,-1.81798,-80.00383,R0
ecu,9029742,-1.84105,-79.42337,R0
ecu,9029743,-1.80111,-79.28794,R0
ecu,9029754,-1.85526,-77.88426,R0
ecu,9029765,-1.85347,-78.19452,R0
ecu,9029766,-1.85834,-77.85187,R0
ecu,9029767,-1.77281,-77.86987,R0
ecu,9029772,-1.86022,-79.37942,R0
ecu,9029777,-1.86405,-78.75855,R0
ecu,9029778,-1.82818,-76.44776,R0
ecu,9029779,-1.85599,-76.41463,R0
ecu,9029780,-1.84903,-78.60291,R0
ecu,9029787,-1.85552,-80.04231,R0
ecu,9029792,-1.85661,-80.1421,R0
ecu,9029799,-1.7651,-77.4255,R0
ecu,9029800,-1.8102,-76.88447,R0
ecu,9029806,-1.86985,-77.30972,R0
ecu,9029809,-1.869,-79.3515,R0
ecu,9029810,-1.86303,-79.3188,R0
ecu,9029818,-1.8305,-76.94789,R0
ecu,9029819,-1.85776,-76.12013,R0
ecu,9029822,-1.87206,-78.76837,R10
ecu,9029823,-1.86063,-78.16072,R0
ecu,9029827,-1.87433,-80.18619,R0
ecu,9029833,-1.86518,-80.39774,R0
ecu,9029834,-1.87287,-78.61816,R0
ecu,9029838,-1.86084,-78.02078,R0
ecu,9029839,-1.85646,-76.19586,R0
ecu,9029853,-1.86321,-79.64762,R0
ecu,9029868,-1.86747,-78.52919,R0
ecu,9029872,-1.87828,-78.74162,R2
ecu,9029873,-1.86752,-78.72663,R0
ecu,9029879,-1.87945,-77.93694,R0
ecu,9029886,-1.83181,-79.7564,R0
ecu,9029900,-1.88849,-79.66169,R0
ecu,9029929,-1.89903,-79.60947,R0
ecu,9029932,-1.87803,-79.99583,R0
ecu,9029940,-1.85141,-77.24816,R0
ecu,9029952,-1.8098,-79.91461,R0
ecu,9029953,-1.90209,-79.90976,R0
ecu,9029956,-1.86403,-75.89753,R0
ecu,9029965,-1.90641,-80.03019,R0
ecu,9029966,-1.89368,-77.25983,R0
ecu,9029968,-1.9098,-75.89279,R0
ecu,9029979,-1.88931,-77.82666,R0
ecu,9030000,-1.87708,-76.68082,R0
ecu,9030020,-1.89393,-78.67315,R0
ecu,9030021,-1.91418,-78.71836,R0
ecu,9030031,-1.92941,-76.63194,R0
ecu,9030040,-1.80477,-79.01454,R0
ecu,9030043,-1.91615,-79.9994,R0
ecu,9030051,-1.92948,-80.69429,R0
ecu,9030052,-1.906,-78.93902,R0
ecu,9030056,-1.92677,-77.84002,R0
ecu,9030086,-1.91762,-76.36433,R0
ecu,9030087,-1.92855,-76.28718,R0
ecu,9030096,-1.94222,-80.0048,R0
ecu,9030110,-1.90233,-78.56032,R0
ecu,9030127,-1.92025,-77.07707,R0
ecu,9030128,-1.94369,-77.00813,R0
ecu,9030145,-1.90747,-79.19431,R0
ecu,9030161,-1.93826,-79.95896,R0
ecu,9030179,-1.84224,-77.64478,R0
ecu,9030183,-1.93456,-80.07636,R0
ecu,9030191,-1.94803,-79.74725,R0
ecu,9030192,-1.945,-76.20244,R0
ecu,9030193,-1.92563,-76.10797,R0
ecu,9030196,-1.96708,-79.99938,R0
ecu,9030197,-1.97233,-79.77599,R0
ecu,9030198,-1.94864,-78.25501,R0
ecu,9030201,-1.95187,-77.63035,R0
ecu,9030232,-1.95823,-78.00119,R0
ecu,9030233,-1.96173,-77.90419,R0
ecu,9030252,-1.93323,-77.35698,R0
ecu,9030255,-1.97713,-80.158,R0
ecu,9030259,-1.99344,-77.27532,R0
ecu,9030261,-1.90823,-80.24009,R0
ecu,9030262,-1.98807,-76.11341,R0
ecu,9030263,-1.94589,-76.05065,R0
ecu,9030272,-1.94597,-79.70724,R0
ecu,9030276,-1.96612,-78.71718,R0
ecu,9030280,-1.99076,-79.75299,R0
ecu,9030322,-1.96339,-76.53991,R0
ecu,9030333,-1.99579,-80.68446,R0
ecu,9030340,-2.02184,-80.73302,R0
ecu,9030343,-2.01093,-76.44047,R0
ecu,9030351,-2.01243,-79.74014,R0
ecu,9030368,-2.01554,-76.58322,R0
ecu,9030369,-2.02511,-76.46792,R0
ecu,9030375,-2.00436,-80.14565,R0
ecu,9030384,-2.02881,-79.68261,R0
ecu,9030386,-1.98889,-77.88826,R0
ecu,9030419,-2.03054,-76.35828,R0
ecu,9030428,-2.03269,-76.40627,R0
ecu,9030432,-2.03505,-80.70392,R0
ecu,9030433,-1.99085,-80.59028,R0
ecu,9030436,-2.04733,-76.37659,R0
ecu,9030439,-2.01244,-77.0009,R0
ecu,9030442,-2.02413,-77.99152,R0
ecu,9030453,-1.96178,-79.31561,R0
ecu,9030459,-1.97784,-76.80206,R0
ecu,9030461,-2.03879,-79.72566,R0
ecu,9030462,-2.04585,-79.70123,R0
ecu,9030474,-2.05334,-80.67388,R0
ecu,9030492,-2.02962,-80.51434,R0
ecu,9030512,-2.00016,-77.0908,R0
ecu,9030513,-2.06486,-76.71436,R0
ecu,9030528,-2.05103,-79.64099,R0
ecu,9030558,-2.02764,-78.96409,R0
ecu,9030560,-2.00955,-80.03115,R0
ecu,9030564,-2.01101,-79.02224,R0
ecu,9030565,-2.0847,-79.01419,R0
ecu,9030575,-1.98672,-79.47897,R0
ecu,9030588,-1.98492,-78.62873,R0
ecu,9030598,-2.07349,-76.57821,R0
ecu,9030633,-2.09777,-78.55116,R0
ecu,9030635,-2.03757,-77.46121,R0
ecu,9030637,-2.08548,-78.19931,R0
ecu,9030640,-2.09625,-77.82895,R0
ecu,9030646,-2.03365,-77.64353,R0
ecu,9030672,-2.08201,-80.62452,R0
ecu,9030678,-2.1044,-78.59315,R0
ecu,9030679,-2.08037,-76.27069,R0
ecu,9030682,-2.10576,-78.962,R0
ecu,9030688,-1.98441,-79.37876,R0
ecu,9030717,-2.06089,-76.06845,R0
ecu,9030726,-2.12674,-76.05807,R0
ecu,9030737,-2.0938,-79.68868,R0
ecu,9030752,-2.11986,-79.51421,R0
ecu,9030753,-2.10544,-76.13841,R0
ecu,9030758,-2.09327,-76.39809,R0
ecu,9030759,-2.13258,-76.1011,R0
ecu,9030763,-2.13157,-79.61038,R0
ecu,9030779,-2.14206,-76.40648,R0
ecu,9030780,-2.14146,-76.39604,R0
ecu,9030796,-2.13094,-76.15364,R0
ecu,9030814,-2.14404,-79.55008,R0
ecu,9030826,-2.06853,-77.18254,R0
ecu,9030839,-2.14778,-77.15339,R0
ecu,9030845,-2.13111,-78.17218,R0
ecu,9030864,-2.15433,-77.36445,R0
ecu,9030865,-2.13319,-78.20972,R0
ecu,9030866,-2.09668,-76.45653,R0
ecu,9030880,-2.14359,-77.39981,R0
ecu,9030886,-2.14495,-78.57546,R0
ecu,9030892,-2.15543,-76.08653,R0
ecu,9030916,-2.14546,-78.36744,R0
ecu,9030924,-2.13052,-77.83314,R0
ecu,9030943,-2.14812,-76.2179,R0
ecu,9030950,-2.06545,-79.91546,R0
ecu,9030951,-2.08975,-79.81356,R0
ecu,9030952,-2.17714,-79.28339,R0
ecu,9030972,-2.15796,-77.02711,R0
ecu,9030973,-2.00856,-77.16927,R0
ecu,9030975,-2.17893,-80.75515,R0
ecu,9030998,-2.19449,-80.48549,R0
ecu,9030999,-2.19626,-80.45051,R0
ecu,9031000,-2.18182,-77.31938,R0
ecu,9031005,-2.18195,-78.18982,R0
ecu,9031006,-2.16732,-77.28343,R0
ecu,9031012,-2.17587,-79.15739,R0
ecu,9031024,-2.19512,-76.26303,R0
ecu,9031031,-2.13237,-77.61321,R0
ecu,9031035,-2.10411,-77.72554,R0
ecu,9031037,-2.20148,-78.39963,R0
ecu,9031043,-2.18159,-77.07716,R0
ecu,9031072,-2.20245,-80.18609,R0
ecu,9031073,-2.18961,-80.12996,R0
ecu,9031076,-2.21345,-77.02474,R0
ecu,9031100,-2.22792,-78.04438,R0
ecu,9031112,-2.19808,-79.39178,R0
ecu,9031123,-2.20612,-78.27783,R0
ecu,9031142,-2.20228,-79.57235,R0
ecu,9031152,-2.23682,-80.00201,R0
ecu,9031153,-2.2402,-79.9785,R0
ecu,9031154,-2.24187,-79.96354,R0
ecu,9031155,-2.15246,-78.80809,R0
ecu,9031156,-2.21466,-77.09356,R0
ecu,9031157,-2.22941,-77.05811,R0
ecu,9031165,-2.23696,-78.81004,R0
ecu,9031172,-2.18356,-78.60542,R0
ecu,9031173,-2.21759,-76.75858,R0
ecu,9031174,-2.16393,-76.75912,R0
ecu,9031182,-2.2365,-77.99511,R0
ecu,9031188,-2.21613,-79.84048,R0
ecu,9031197,-2.24451,-79.79441,R0
ecu,9031205,-2.24932,-78.74887,R0
ecu,9031230,-2.24242,-80.06052,R0
ecu,9031233,-2.25472,-78.72105,R0
ecu,9031247,-2.25809,-78.91214,R0
ecu,9031265,-2.26839,-80.85428,R0
ecu,9031269,-2.27229,-79.91375,R0
ecu,9031272,-2.27381,-80.87773,R0
ecu,9031286,-2.26832,-80.90371,R0
ecu,9031300,-2.26162,-79.97268,R0
ecu,9031320,-2.27175,-79.39059,R0
ecu,9031378,-2.26958,-79.61488,R0
ecu,9031391,-2.30006,-79.6885,R0
ecu,9031392,-2.23131,-79.23736,R0
ecu,9031393,-2.27334,-76.72492,R0
ecu,9031397,-2.26512,-77.68009,R0
ecu,9031398,-2.19343,-76.83334,R0
ecu,9031403,-2.27639,-77.70439,R0
ecu,9031418,-2.29495,-79.00312,R0
ecu,9031421,-2.30112,-78.33548,R0
ecu,9031426,-2.25242,-76.25765,R0
ecu,9031441,-2.23909,-80.55356,R0
ecu,9031445,-2.30029,-80.46959,R0
ecu,9031448,-2.31302,-80.54347,R0
ecu,9031451,-2.29831,-78.92098,R0
ecu,9031460,-2.31116,-79.7287,R0
ecu,9031462,-2.27294,-78.22173,R0
ecu,9031466,-2.32466,-78.3075,R0
ecu,9031473,-2.31385,-79.19124,R0
ecu,9031488,-2.33161,-79.24025,R0
ecu,9031490,-2.29958,-77.01072,R0
ecu,9031491,-2.32426,-76.95109,R0
ecu,9031503,-2.33285,-79.75145,R0
ecu,9031508,-2.32856,-78.41109,R0
ecu,9031533,-2.33942,-78.28019,R0
ecu,9031537,-2.29494,-76.46694,R0
ecu,9031544,-2.32952,-76.4808,R0
ecu,9031547,-2.30505,-78.13401,R0
ecu,9031548,-2.22332,-78.10647,R0
ecu,9031563,-2.33834,-79.91288,R0
ecu,9031564,-2.32477,-79.43102,R0
ecu,9031565,-2.33054,-79.30075,R0
ecu,9031589,-2.33612,-80.48082,R0
ecu,9031629,-2.33965,-76.68287,R0
ecu,9031630,-2.36265,-76.64384,R0
ecu,9031643,-2.33883,-79.04089,R0
ecu,9031649,-2.34355,-79.64641,R0
ecu,9031690,-2.35546,-77.51511,R0
ecu,9031691,-2.38549,-77.45968,R0
ecu,9031692,-2.36783,-76.42257,R0
ecu,9031715,-2.32511,-79.83481,R0
ecu,9031721,-2.39741,-80.68404,R0
ecu,9031722,-2.35379,-80.63871,R0
ecu,9031728,-2.39719,-78.66556,R0
ecu,9031729,-2.39305,-78.65968,R0
ecu,9031731,-2.4,-80.68417,R0
ecu,9031740,-2.10956,-76.76527,R0
ecu,9031765,-2.38996,-77.92586,R0
ecu,9031772,-2.33751,-79.54164,R0
ecu,9031793,-2.33641,-80.25439,R0
ecu,9031794,-2.34729,-80.1595,R0
ecu,9031860,-2.43304,-80.6384,R0
ecu,9031867,-2.39576,-78.14274,R0
ecu,9031868,-2.33287,-78.08743,R0
ecu,9031944,-2.45875,-80.61146,R0
ecu,9031953,-2.44791,-76.84028,R0
ecu,9031954,-2.34169,-76.85876,R0
ecu,9031969,-2.44155,-78.19078,R0
ecu,9031978,-2.4318,-79.26538,R0
ecu,9031990,-2.40182,-79.77063,R0
ecu,9031996,-2.43934,-77.94959,R0
ecu,9032006,-2.45669,-78.12919,R0
ecu,9032031,-2.38899,-76.78915,R0
ecu,9032032,-2.48229,-76.76479,R0
ecu,9032070,-2.49504,-79.57718,R0
ecu,9032083,-2.48,-79.0524,R0
ecu,9032090,-2.49224,-79.1221,R0
ecu,9032091,-2.49208,-78.25444,R0
ecu,9032098,-2.50095,-79.0421,R0
ecu,9032099,-2.43424,-76.64682,R0
ecu,9032100,-2.50354,-76.65604,R2
ecu,9032102,-2.50305,-79.00545,R0
ecu,9032103,-2.49075,-78.96193,R0
ecu,9032106,-2.45699,-80.12972,R0
ecu,9032109,-2.49775,-79.55086,R0
ecu,9032113,-2.46196,-80.25071,R0
ecu,9032114,-2.49091,-76.80171,R0
ecu,9032115,-2.49576,-76.76641,R0
ecu,9032121,-2.50038,-79.23938,R0
ecu,9032138,-2.50923,-79.34528,R0
ecu,9032141,-2.50108,-79.43771,R0
ecu,9032142,-2.49047,-78.1669,R0
ecu,9032143,-2.49344,-78.14275,R0
ecu,9032147,-2.51521,-79.47729,R0
ecu,9032159,-2.48495,-77.51849,R0
ecu,9032171,-2.49892,-77.60166,R0
ecu,9032172,-2.41719,-77.61623,R0
ecu,9032181,-2.51741,-80.19487,R0
ecu,9032187,-2.47287,-77.91264,R0
ecu,9032188,-2.43647,-76.924,R0
ecu,9032190,-2.41741,-76.97295,R0
ecu,9032196,-2.51973,-80.21101,R0
ecu,9032203,-2.46126,-77.4586,R0
ecu,9032204,-2.52138,-77.42813,R0
ecu,9032210,-2.51844,-79.02848,R10
ecu,9032232,-2.53116,-77.54621,R0
ecu,9032242,-2.53215,-79.50188,R0
ecu,9032256,-2.52543,-78.9422,R0
ecu,9032257,-2.53475,-78.87301,R2
ecu,9032267,-2.5395,-76.85828,R0
ecu,9032272,-2.51136,-79.64754,R0
ecu,9032273,-2.52552,-79.6092,R0
ecu,9032294,-2.47576,-78.60301,R25
ecu,9032302,-2.52655,-79.38147,R0
ecu,9032309,-2.53396,-76.76024,R0
ecu,9032312,-2.54214,-77.89537,R0
ecu,9032322,-2.52689,-79.17039,R25
ecu,9032323,-2.55809,-78.55734,R0
ecu,9032324,-2.50177,-78.54069,R100
ecu,9032335,-2.40526,-77.05836,R0
ecu,9032336,-2.56342,-77.91775,R0
ecu,9032345,-2.55892,-76.79665,R0
ecu,9032349,-2.56315,-76.68679,R0
ecu,9032350,-2.54193,-76.65457,R0
ecu,9032356,-2.54739,-78.47679,R100
ecu,9032359,-2.5116,-78.09441,R0
ecu,9032361,-2.56618,-77.8956,R0
ecu,9032378,-2.56055,-78.88377,R0
ecu,9032388,-2.57525,-76.65576,R0
ecu,9032405,-2.57238,-78.83587,R0
ecu,9032419,-2.57092,-79.65795,R0
ecu,9032436,-2.56155,-79.59507,R0
ecu,9032440,-2.58956,-79.6691,R0
ecu,9032447,-2.55523,-78.66145,R0
ecu,9032448,-2.57493,-78.58898,R0
ecu,9032450,-2.57591,-79.36929,R2
ecu,9032460,-2.58775,-79.69886,R0
ecu,9032461,-2.56101,-77.83157,R0
ecu,9032467,-2.54132,-77.77835,R0
ecu,9032480,-2.5991,-78.18534,R0
ecu,9032481,-2.56391,-78.15466,R0
ecu,9032482,-2.55056,-77.50053,R0
ecu,9032483,-2.56692,-77.4599,R0
ecu,9032490,-2.58108,-77.27918,R0
ecu,9032491,-2.53072,-77.25218,R0
ecu,9032494,-2.58171,-76.70761,R0
ecu,9032495,-2.59201,-78.87302,R0
ecu,9032512,-2.58276,-79.55207,R0
ecu,9032513,-2.60978,-79.56932,R0
ecu,9032516,-2.56627,-80.3093,R0
ecu,9032552,-2.60844,-78.6222,R0
ecu,9032557,-2.59459,-78.53504,R0
ecu,9032558,-2.61433,-78.18763,R0
ecu,9032586,-2.61723,-79.61775,R0
ecu,9032587,-2.56056,-79.24104,R0
ecu,9032588,-2.62396,-78.66101,R0
ecu,9032658,-2.61441,-78.43093,R0
ecu,9032659,-2.64955,-78.3732,R0
ecu,9032706,-2.64914,-79.63908,R0
ecu,9032713,-2.6058,-79.30846,R0
ecu,9032746,-2.65358,-76.94196,R0
ecu,9032747,-2.67507,-76.89009,R0
ecu,9032751,-2.64654,-77.09978,R0
ecu,9032761,-2.65393,-78.19967,R0
ecu,9032762,-2.41209,-77.2631,R0
ecu,9032773,-2.64891,-78.15334,R0
ecu,9032809,-2.68265,-79.63819,R0
ecu,9032810,-2.67542,-78.2399,R0
ecu,9032811,-2.68979,-78.21644,R0
ecu,9032822,-2.63717,-77.07355,R0
ecu,9032832,-2.69517,-77.06173,R0
ecu,9032839,-2.68468,-79.7008,R0
ecu,9032859,-2.70582,-79.71025,R0
ecu,9032911,-2.67373,-78.62308,R0
ecu,9032955,-2.47248,-77.41491,R0
ecu,9032973,-2.72087,-79.75366,R0
ecu,9033004,-2.68922,-77.33817,R0
ecu,9033012,-2.70283,-78.3444,R0
ecu,9033058,-2.75421,-78.28645,R0
ecu,9033059,-2.72913,-78.2477,R0
ecu,9033092,-2.6874,-77.48722,R0
ecu,9033133,-2.76668,-78.4861,R0
ecu,9033134,-2.74418,-78.38324,R0
ecu,9033160,-2.73182,-78.20081,R0
ecu,9033170,-2.69085,-77.54121,R0
ecu,9033183,-2.77876,-77.54025,R0
ecu,9033185,-2.7667,-77.45978,R0
ecu,9033249,-2.78259,-78.28186,R0
ecu,9033256,-2.66667,-79.41696,R0
ecu,9033271,-2.5808,-77.70587,R0
ecu,9033278,-2.79509,-77.60831,R0
ecu,9033331,-2.75458,-78.86924,R0
ecu,9033344,-2.82451,-78.90385,R0
ecu,9033369,-2.8338,-78.87596,R0
ecu,9033410,-2.84464,-78.85895,R0
ecu,9033412,-2.83333,-79.60067,R0
ecu,9033416,-2.79686,-77.71271,R0
ecu,9033417,-2.83158,-77.67928,R0
ecu,9033425,-2.85512,-79.61223,R0
ecu,9033441,-2.77699,-78.72442,R0
ecu,9033449,-2.85764,-78.81117,R0
ecu,9033462,-2.84002,-79.1209,R2
ecu,9033468,-2.86752,-79.09148,R0
ecu,9033472,-2.80092,-78.64568,R0
ecu,9033483,-2.86922,-78.50428,R0
ecu,9033484,-2.83066,-78.46624,R0
ecu,9033487,-2.86265,-77.69259,R0
ecu,9033497,-2.86689,-77.93814,R0
ecu,9033511,-2.87577,-77.67214,R0
ecu,9033537,-2.78596,-78.9984,R2
ecu,9033538,-2.85644,-78.9159,R0
ecu,9033539,-2.83604,-77.93169,R0
ecu,9033540,-2.88358,-77.90469,R0
ecu,9033541,-2.78152,-77.89842,R0
ecu,9033547,-2.88084,-77.92424,R0
ecu,9033576,-2.88714,-79.52034,R0
ecu,9033577,-2.87618,-78.76863,R0
ecu,9033592,-2.84152,-79.72522,R0
ecu,9033641,-2.89806,-79.5626,R0
ecu,9033642,-2.76375,-77.77925,R0
ecu,9033645,-2.88965,-79.03876,R2
ecu,9033646,-2.89826,-78.97258,R0
ecu,9033647,-2.90081,-78.75241,R0
ecu,9033651,-2.91154,-79.59499,R0
ecu,9033652,-2.89644,-77.71057,R0
ecu,9033671,-2.91531,-78.99965,R0
ecu,9033674,-2.85118,-78.25657,R0
ecu,9033693,-2.92203,-78.25995,R0
ecu,9033697,-2.90895,-79.46124,R0
ecu,9033751,-2.86653,-78.35966,R0
ecu,9033755,-2.91799,-78.78595,R0
ecu,9033759,-2.92427,-79.71057,R0
ecu,9033762,-2.91652,-77.89862,R0
ecu,9033763,-2.92808,-77.87768,R0
ecu,9033772,-2.92419,-79.83673,R0
ecu,9033811,-2.91606,-78.49045,R0
ecu,9033820,-2.96083,-79.04987,R5
ecu,9033821,-2.93284,-79.03544,R0
ecu,9033833,-2.96166,-78.52249,R0
ecu,9033834,-2.90828,-78.02073,R0
ecu,9033925,-2.95276,-78.24238,R0
ecu,9033926,-2.9747,-78.21668,R0
ecu,9033982,-2.99374,-79.83892,R0
ecu,9033983,-2.95156,-77.71846,R0
ecu,9033987,-2.98815,-79.7904,R0
ecu,9033988,-2.93868,-79.15455,R0
ecu,9033990,-2.97213,-77.86358,R0
ecu,9034018,-2.97233,-78.77717,R0
ecu,9034023,-2.99584,-78.22316,R0
ecu,9034027,-3.00264,-77.71,R0
ecu,9034033,-2.97442,-78.80267,R0
ecu,9034038,-2.98277,-79.67123,R0
ecu,9034058,-2.92999,-77.60912,R0
ecu,9034065,-2.9946,-78.53437,R0
ecu,9034074,-2.92853,-78.90703,R0
ecu,9034086,-3.01066,-77.69097,R0
ecu,9034111,-3.01989,-79.58432,R0
ecu,9034146,-3.02223,-78.21673,R0
ecu,9034184,-3.02292,-79.54069,R0
ecu,9034202,-3.04744,-79.50349,R0
ecu,9034206,-3.04834,-79.49044,R0
ecu,9034207,-3.02183,-77.92637,R0
ecu,9034237,-3.04163,-78.09307,R0
ecu,9034255,-3.06116,-78.50253,R0
ecu,9034278,-3.04055,-79.81311,R0
ecu,9034311,-3.02416,-79.05136,R0
ecu,9034353,-3.07552,-79.82111,R0
ecu,9034360,-3.07169,-78.44204,R0
ecu,9034361,-3.04461,-78.30557,R0
ecu,9034378,-3.03327,-79.70353,R0
ecu,9034379,-3.08088,-78.51224,R0
ecu,9034522,-3.07487,-78.79158,R0
ecu,9034528,-3.09205,-78.00986,R0
ecu,9034573,-3.09062,-78.21329,R0
ecu,9034596,-3.14829,-78.21339,R0
ecu,9034717,-3.16197,-78.24516,R0
ecu,9034745,-3.12476,-79.83033,R0
ecu,9034754,-3.17393,-78.19277,R0
ecu,9034786,-3.19276,-79.7842,R0
ecu,9034795,-3.1019,-78.89007,R0
ecu,9034853,-3.15116,-78.41607,R0
ecu,9034920,-3.22118,-79.15544,R0
ecu,9034933,-3.2323,-79.16263,R0
ecu,9034960,-3.18451,-79.22216,R0
ecu,9034961,-3.2045,-79.17322,R0
ecu,9034994,-3.24473,-79.20773,R0
ecu,9034995,-3.24474,-79.18624,R0
ecu,9035035,-3.24169,-78.42429,R0
ecu,9035091,-3.24629,-79.78206,R0
ecu,9035127,-3.25541,-78.69462,R0
ecu,9035128,-3.23194,-78.64742,R0
ecu,9035148,-3.28883,-79.27736,R0
ecu,9035149,-3.2732,-79.24185,R0
ecu,9035193,-3.30182,-79.28121,R0
ecu,9035197,-3.23102,-78.2241,R0
ecu,9035212,-3.30291,-80.00228,R0
ecu,9035213,-3.30416,-78.20074,R0
ecu,9035244,-3.26575,-78.45951,R0
ecu,9035249,-3.22982,-79.42399,R0
ecu,9035250,-3.30876,-79.26414,R0
ecu,9035258,-3.27959,-78.52227,R0
ecu,9035276,-3.27989,-79.59762,R0
ecu,9035285,-3.31365,-79.53007,R0
ecu,9035291,-3.31908,-79.68052,R0
ecu,9035301,-3.32432,-79.60532,R0
ecu,9035303,-3.32337,-79.47051,R0
ecu,9035322,-3.26289,-79.90743,R0
ecu,9035323,-3.32072,-79.78748,R0
ecu,9035324,-3.3294,-78.84029,R0
ecu,9035343,-3.33526,-78.85156,R0
ecu,9035356,-3.32766,-79.30877,R0
ecu,9035366,-3.34099,-79.34784,R0
ecu,9035377,-3.33998,-79.42316,R0
ecu,9035378,-3.31908,-79.37595,R0
ecu,9035392,-3.3461,-79.37304,R0
ecu,9035434,-3.3115,-79.06242,R0
ecu,9035451,-3.34679,-79.46297,R0
ecu,9035466,-3.34091,-78.46787,R0
ecu,9035479,-3.36264,-79.10553,R0
ecu,9035504,-3.37291,-78.45386,R0
ecu,9035579,-3.35617,-79.69358,R0
ecu,9035631,-3.38651,-78.47862,R0
ecu,9035643,-3.38076,-79.14664,R0
ecu,9035683,-3.37008,-79.56173,R0
ecu,9035704,-3.41829,-79.92594,R0
ecu,9035723,-3.42134,-79.98779,R0
ecu,9035724,-3.36002,-78.63534,R0
ecu,9035736,-3.42803,-79.96046,R0
ecu,9035747,-3.42229,-78.56258,R0
ecu,9035769,-3.42349,-78.51236,R0
ecu,9035775,-3.42563,-79.16622,R0
ecu,9035786,-3.4283,-80.05372,R0
ecu,9035787,-3.43427,-80.0277,R0
ecu,9035800,-3.43683,-80.00095,R0
ecu,9035803,-3.43776,-78.57999,R0
ecu,9035810,-3.3769,-78.23288,R0
ecu,9035847,-3.43956,-80.2516,R0
ecu,9035855,-3.38485,-78.77716,R0
ecu,9035866,-3.46085,-78.76029,R0
ecu,9035869,-3.39508,-79.80088,R0
ecu,9035877,-3.46492,-79.75133,R0
ecu,9035892,-3.45748,-78.67489,R0
ecu,9035931,-3.40577,-79.30232,R0
ecu,9035932,-3.46054,-79.22914,R0
ecu,9035964,-3.43256,-79.12128,R0
ecu,9035982,-3.47594,-79.76238,R0
ecu,9036039,-3.48733,-79.279,R0
ecu,9036066,-3.43117,-79.39196,R0
ecu,9036107,-3.47551,-79.91203,R0
ecu,9036108,-3.47536,-79.16578,R0
ecu,9036156,-3.47166,-78.49395,R0
ecu,9036178,-3.48863,-79.00353,R0
ecu,9036179,-3.50246,-78.92817,R0
ecu,9036292,-3.54761,-78.94641,R0
ecu,9036293,-3.55851,-78.93189,R2
ecu,9036320,-3.54766,-78.52369,R0
ecu,9036338,-3.53969,-78.46044,R0
ecu,9036368,-3.49582,-80.13626,R0
ecu,9036369,-3.5169,-79.94888,R0
ecu,9036461,-3.58982,-78.52315,R0
ecu,9036486,-3.5321,-80.22218,R2
ecu,9036500,-3.61054,-78.54961,R0
ecu,9036512,-3.5571,-79.2444,R0
ecu,9036525,-3.5658,-78.6398,R0
ecu,9036537,-3.55729,-79.29919,R0
ecu,9036595,-3.62875,-78.56903,R0
ecu,9036618,-3.63686,-79.54684,R0
ecu,9036627,-3.64721,-79.53724,R0
ecu,9036633,-3.60802,-78.93338,R0
ecu,9036640,-3.64952,-78.93111,R0
ecu,9036652,-3.63143,-80.18803,R2
ecu,9036653,-3.58432,-79.9748,R0
ecu,9036717,-3.6551,-78.96223,R0
ecu,9036733,-3.64316,-78.99424,R0
ecu,9036748,-3.66888,-80.10612,R2
ecu,9036751,-3.66645,-80.1597,R5
ecu,9036793,-3.66932,-80.19273,R2
ecu,9036893,-3.68994,-80.11798,R5
ecu,9036976,-3.64694,-79.63874,R0
ecu,9036977,-3.68888,-79.58984,R0
ecu,9037080,-3.70663,-79.52763,R0
ecu,9037137,-3.70244,-78.58089,R0
ecu,9037150,-3.6834,-78.49517,R0
ecu,9037157,-3.74766,-79.64214,R0
ecu,9037158,-3.75785,-79.62807,R0
ecu,9037163,-3.73505,-78.74815,R0
ecu,9037172,-3.76331,-78.68624,R0
ecu,9037204,-3.76353,-78.95805,R0
ecu,9037205,-3.72016,-78.8941,R0
ecu,9037232,-3.77616,-78.50758,R0
ecu,9037238,-3.78229,-78.48837,R0
ecu,9037300,-3.78693,-79.55588,R0
ecu,9037340,-3.80865,-79.25751,R0
ecu,9037341,-3.78554,-79.25159,R0
ecu,9037402,-3.81128,-79.87394,R0
ecu,9037404,-3.77751,-80.15549,R2
ecu,9037422,-3.80745,-78.50866,R0
ecu,9037431,-3.81634,-79.9361,R0
ecu,9037432,-3.79475,-79.68484,R0
ecu,9037435,-3.8271,-79.90931,R0
ecu,9037455,-3.7799,-79.7586,R0
ecu,9037456,-3.8326,-79.74015,R0
ecu,9037483,-3.83203,-79.68868,R0
ecu,9037489,-3.83105,-79.8363,R0
ecu,9037504,-3.84094,-79.7811,R0
ecu,9037513,-3.8454,-79.80761,R0
ecu,9037540,-3.81652,-78.89617,R0
ecu,9037554,-3.80403,-78.55491,R0
ecu,9037560,-3.83898,-79.97443,R0
ecu,9037561,-3.85512,-78.89626,R0
ecu,9037587,-3.83426,-79.2248,R0
ecu,9037644,-3.86584,-80.01683,R0
ecu,9037669,-3.85124,-79.63846,R0
ecu,9037701,-3.82499,-78.75042,R0
ecu,9037712,-3.8548,-79.10965,R0
ecu,9037713,-3.87704,-79.08233,R0
ecu,9037746,-3.89294,-78.76789,R0
ecu,9037783,-3.87736,-79.14658,R0
ecu,9037784,-3.89702,-79.09214,R0
ecu,9037815,-3.85344,-79.58788,R0
ecu,9037858,-3.89102,-80.10407,R0
ecu,9037866,-3.92063,-80.16212,R0
ecu,9037867,-3.89182,-78.8704,R0
ecu,9037868,-3.9042,-78.80546,R0
ecu,9037875,-3.91657,-80.19209,R0
ecu,9037876,-3.92362,-80.17287,R0
ecu,9037879,-3.89656,-79.94501,R0
ecu,9037979,-3.92993,-79.0709,R0
ecu,9038004,-3.93954,-78.84021,R0
ecu,9038009,-3.91404,-80.02436,R0
ecu,9038076,-3.96398,-79.05872,R0
ecu,9038113,-3.97808,-80.39665,R0
ecu,9038114,-3.96868,-80.38815,R0
ecu,9038119,-3.91831,-79.21814,R0
ecu,9038155,-3.88688,-79.39015,R0
ecu,9038156,-3.96223,-79.34369,R0
ecu,9038185,-3.87879,-78.67601,R0
ecu,9038214,-4.0032,-79.39261,R0
ecu,9038242,-3.96965,-80.23783,R0
ecu,9038245,-3.99682,-80.34406,R0
ecu,9038261,-4.00852,-79.43421,R0
ecu,9038287,-4.01332,-78.6407,R0
ecu,9038295,-4.02014,-79.39371,R0
ecu,9038311,-4.03252,-79.37581,R2
ecu,9038312,-3.98617,-79.02025,R0
ecu,9038313,-4.01928,-78.64853,R0
ecu,9038337,-4.0363,-78.63757,R0
ecu,9038397,-4.00867,-78.88183,R0
ecu,9038443,-4.00901,-78.82907,R0
ecu,9038455,-4.04906,-80.24968,R0
ecu,9038463,-4.05159,-78.97556,R0
ecu,9038464,-4.05875,-78.93831,R0
ecu,9038511,-4.04278,-79.50737,R0
ecu,9038528,-4.0231,-80.44913,R0
ecu,9038529,-4.05375,-79.45111,R25
ecu,9038539,-4.05956,-79.05895,R0
ecu,9038638,-4.09462,-79.5272,R0
ecu,9038663,-4.05203,-79.7415,R0
ecu,9038808,-4.14536,-79.85503,R0
ecu,9038809,-4.13322,-79.82798,R0
ecu,9038824,-4.07613,-80.08629,R0
ecu,9038869,-4.12278,-78.98801,R0
ecu,9038916,-4.14244,-79.75007,R0
ecu,9038931,-4.12356,-79.57811,R0
ecu,9038959,-4.16672,-80.10412,R0
ecu,9038960,-4.17582,-79.64778,R0
ecu,9039037,-4.18598,-79.68856,R0
ecu,9039042,-4.16328,-80.40449,R0
ecu,9039050,-4.17236,-79.86323,R0
ecu,9039074,-4.20631,-79.9518,R0
ecu,9039095,-4.21128,-79.91659,R0
ecu,9039117,-4.13663,-78.93873,R0
ecu,9039157,-4.21831,-78.78792,R0
ecu,9039168,-4.21971,-79.95765,R0
ecu,9039212,-4.13196,-79.3419,R0
ecu,9039213,-4.20801,-79.2422,R5
ecu,9039219,-4.23578,-79.95294,R0
ecu,9039235,-4.24146,-79.29784,R0
ecu,9039260,-4.23701,-78.79662,R0
ecu,9039304,-4.24852,-79.25602,R0
ecu,9039382,-4.23866,-79.82466,R0
ecu,9039410,-4.24981,-80.06163,R0
ecu,9039419,-4.15867,-78.64673,R0
ecu,9039427,-4.23135,-79.58653,R0
ecu,9039428,-4.26763,-78.71837,R0
ecu,9039486,-4.30233,-80.2362,R0
ecu,9039494,-4.2302,-80.20697,R0
ecu,9039573,-4.30907,-78.65671,R0
ecu,9039686,-4.32122,-79.45301,R2
ecu,9039687,-4.34809,-79.42629,R25
ecu,9039727,-4.30624,-79.25953,R0
ecu,9039808,-4.32329,-80.06615,R0
ecu,9039840,-4.37152,-80.35067,R0
ecu,9039848,-4.3738,-79.22805,R5
ecu,9039853,-4.3625,-80.29124,R0
ecu,9039887,-4.39024,-79.94348,R0
ecu,9039888,-4.38986,-79.84962,R0
ecu,9039913,-4.38092,-79.432,R5
ecu,9039937,-4.34328,-80.20215,R0
ecu,9039938,-4.37781,-78.85861,R0
ecu,9039945,-4.40537,-79.4079,R5
ecu,9039976,-4.39004,-79.20584,R0
ecu,9040030,-4.41447,-80.28146,R0
ecu,9040045,-4.42143,-78.86067,R0
ecu,9040053,-4.41502,-79.63317,R0
ecu,9040072,-4.3968,-78.74912,R0
ecu,9040152,-4.39621,-78.65771,R0
ecu,9040178,-4.38945,-80.43282,R0
ecu,9040179,-4.42189,-80.3844,R0
ecu,9040195,-4.45199,-80.31726,R0
ecu,9040219,-4.43558,-79.47419,R2
ecu,9040285,-4.47735,-80.39658,R0
ecu,9040286,-4.47801,-80.36894,R0
ecu,9040299,-4.44659,-79.84992,R0
ecu,9040305,-4.46481,-79.71305,R0
ecu,9040319,-4.46321,-79.60132,R0
ecu,9040327,-4.4753,-79.45113,R2
ecu,9040404,-4.49515,-79.49742,R0
ecu,9040449,-4.51015,-79.56075,R0
ecu,9040462,-4.52405,-79.52613,R0
ecu,9040512,-4.42245,-79.04727,R0
ecu,9040531,-4.53228,-79.07644,R0
ecu,9040532,-4.53907,-79.07146,R0
ecu,9040574,-4.49366,-79.00345,R0
ecu,9040582,-4.49295,-78.75504,R0
ecu,9040588,-4.54634,-78.83819,R0
ecu,9040636,-4.51165,-78.67525,R0
ecu,9040677,-4.56127,-79.24936,R2
ecu,9040683,-4.5394,-79.48891,R5
ecu,9040704,-4.57277,-79.25254,R2
ecu,9040739,-4.58081,-79.46247,R2
ecu,9040740,-4.58271,-79.43696,R2
ecu,9040761,-4.57121,-78.83635,R0
ecu,9040770,-4.58818,-79.44201,R100
ecu,9040876,-4.59105,-79.22267,R2
ecu,9040917,-4.59417,-79.48889,R5
ecu,9040975,-4.60443,-79.12537,R0
ecu,9040980,-4.62236,-79.16042,R2
ecu,9041115,-4.64802,-79.24581,R5
ecu,9041285,-4.62265,-79.09752,R0
ecu,9041308,-4.6577,-79.00031,R0
ecu,9041336,-4.67865,-79.12652,R2
ecu,9041448,-4.73345,-79.11207,R0
ecu,9041449,-4.72622,-79.1,R0
ecu,9041463,-4.73297,-79.14015,R0
ecu,9041719,-4.77864,-79.09467,R0
ecu,9041720,-4.80369,-79.07998,R0
ecu,9041908,-4.82692,-79.08501,R0
ecu,9041914,-4.8194,-79.22498,R0
ecu,9042283,-4.90107,-79.08294,R0
ecu,9042284,-4.88496,-79.02926,R0
ecu,9042433,-4.91728,-79.30322,R0
ecu,9042468,-4.95298,-79.0695,R0
ecu,9042492,-4.97196,-79.0868,R0
ecu,9042498,-4.96645,-79.18208,R0
ecu,9042623,-4.98793,-79.06091,R0
ecu,9042663,-5.01129,-79.02919,R0
ecu,9042664,-4.95666,-78.99208,R0
col,9008280,5.795905057,-75.54642415,R0
col,9007827,5.940937729,-75.46577366,R0
col,9007954,5.902392775,-75.48170406,R0
col,9008060,5.850725862,-75.47746087,R0
col,9008413,5.689627238,-75.49634325,R0
col,9008530,5.614583187,-75.90288305,R0
col,9008509,5.663506758,-75.87724132,R0
col,9008308,5.738013086,-75.89126357,R0
col,9008658,5.577900079,-75.8758091,R0
col,9006110,6.877717098,-75.33201929,R0
col,9006153,6.893422972,-75.27930682,R0
col,9006016,6.905476887,-75.32924071,R0
col,9005950,6.939522698,-75.30330572,R0
col,9005875,6.96370126,-75.29553115,R0
col,9006273,6.801858853,-75.35549869,R0
col,9005262,7.3393623,-74.90017556,R0
col,9005154,7.363316047,-75.10099673,R0
col,9005145,7.37275213,-75.14636069,R0
col,9005253,7.339188099,-75.03419348,R0
col,9005160,7.366703942,-74.98232926,R0
col,9005099,7.389892511,-74.99278736,R0
col,9005552,7.212340468,-75.05797077,R0
col,9005421,7.223452568,-75.19342197,R0
col,9005366,7.239936427,-75.21455189,R0
col,9005332,7.250175267,-75.21268819,R0
col,9005281,7.285971167,-75.073741,R0
col,9005323,7.301056506,-75.18504687,R0
col,9005920,6.973427884,-75.22434939,R0
col,9005729,7.03579143,-75.20465067,R0
col,9005724,7.0556452,-75.24767913,R0
col,9005631,7.145172773,-75.29039797,R0
col,9005424,7.240823947,-75.27026927,R0
col,9007225,6.264962417,-75.84150523,R0
col,9007172,6.284276897,-75.86826886,R0
col,9008417,5.664194588,-75.07008546,R0
col,9008411,5.684240498,-75.10619475,R0
col,9007272,6.232451301,-75.85519623,R0
col,9007502,6.102083337,-75.85458334,R0
col,9007503,6.102358787,-75.82884396,R0
col,9008364,5.700150419,-75.92125325,R0
col,9008203,5.762741642,-75.90820541,R0
col,9007387,6.173266809,-75.93108928,R0
col,9007348,6.194034355,-75.94522687,R0
col,9007342,6.205899932,-75.88295025,R0
col,9008091,5.832400648,-75.97034144,R0
col,9005783,7.04593359,-75.66830493,R0
col,9005433,7.223617928,-75.50200847,R0
col,9006272,6.780826362,-75.89156969,R0
col,9006068,6.862787469,-75.87336114,R0
col,9005103,7.404112227,-75.07991048,R0
col,9005026,7.445708736,-75.07269228,R0
col,9005096,7.4060253639999996,-75.02260346,R0
col,9004443,7.848238727,-75.19886576,R0
col,9004699,7.627819865,-75.3143327,R0
col,9004806,7.59593506,-75.27934293,R0
col,9004680,7.670887058,-75.2421571,R0
col,9004739,7.577104275,-75.3559135,R0
col,9004439,7.740673805,-75.44738219,R0
col,9004698,7.610372629,-75.35876635,R0
col,9004417,7.830499692,-75.32636604,R0
col,9004614,7.703171111,-75.27129876,R0
col,9004715,7.58727644,-75.3452988,R0
col,9004522,7.715595891,-75.10470038,R0
col,9004509,7.706726173,-75.07417893,R0
col,9005777,7.021995022,-75.22323811,R0
col,9005849,6.996917777,-75.26229343,R0
col,9005688,7.066336711,-75.29654277,R0
col,9007256,6.325223773,-74.66001055,R0
col,9006968,6.401543148,-74.78946295,R0
col,9007592,6.102693392,-75.38177693,R0
col,9006532,6.712591106,-75.28324733,R0
col,9006249,6.800134785,-75.30807962,R0
col,9004954,7.473076966,-76.64686894,R0
col,9004933,7.477478447,-76.61994004,R0
col,9004766,7.565380061,-76.68245486,R0
col,9004582,7.670580824,-76.62677992,R0
col,9004593,7.702477679,-76.68955013,R0
col,9004577,7.705691745,-76.60386466,R0
col,9004765,7.64288437,-76.78356528,R0
col,9004395,7.768333336,-76.81708334,R0
col,9007666,6.03094325,-75.09841086,R0
col,9007676,6.034549386,-75.17912375,R0
col,9007826,5.939115476,-75.12612893,R0
col,9007825,5.972773718,-75.16502242,R0
col,9007164,6.286454293,-75.19537267,R0
col,9007490,6.16194308,-75.84653943,R0
col,9007515,6.101825038,-75.87431578,R0
col,9007780,5.95647437,-75.85359222,R0
col,9007779,5.982647695,-75.83771451,R0
col,9006740,6.541817135,-75.33914481,R0
col,9006861,6.491117936,-75.27652095,R0
col,9004964,7.459798114,-74.74973734,R0
col,9004982,7.450349005,-74.73231548,R0
col,9004965,7.464021459,-74.71769673,R0
col,9005006,7.4429476,-74.71226688,R0
col,9005094,7.400878483,-74.59163235,R0
col,9005047,7.422222072,-74.56898006,R0
col,9004418,7.770359726,-74.55198117,R0
col,9004328,7.805018862,-74.57600091,R0
col,9004832,7.583648196,-74.75389019,R0
col,9004662,7.654034159,-74.73204394,R0
col,9004463,7.726226799,-74.77511564,R0
col,9004456,7.741314294,-74.78793405,R0
col,9004448,7.744296602,-74.64741462,R0
col,9004429,7.763602685,-74.7153061,R0
col,9004401,7.778175575,-74.75563819,R0
col,9004452,7.738816939,-74.74617174,R0
col,9006629,6.569449488,-75.52446345,R0
col,9006727,6.542376976,-75.47896694,R0
col,9008218,5.759444782,-75.63276402,R0
col,9006197,6.812756254,-76.13045147,R0
col,9006531,6.728049625,-76.08730327,R0
col,9006708,6.53138915,-76.32939357,R2
col,9006597,6.634255485,-76.40732848,R0
col,9006443,6.723056634,-76.40569757,R0
col,9006490,6.681351427,-76.33460547,R0
col,9006557,6.663864451,-76.52203489,R0
col,9006752,6.537933227,-76.50595871,R0
col,9006599,6.601053909,-76.52660224,R0
col,9006577,6.606955689,-76.51465766,R0
col,9007623,6.064309129,-75.14110133,R0
col,9007661,6.07370649,-75.07439731,R0
col,9007356,6.221218294,-75.39970794,R0
col,9008185,5.811084301,-75.90515801,R0
col,9005704,7.060519849,-75.78982836,R0
col,9005641,7.1102514,-75.67008756,R0
col,9005432,7.258780004,-75.58379389,R0
col,9005539,7.165847652,-75.61303461,R0
col,9005538,7.176939594,-75.69205272,R0
col,9005427,7.232500644,-75.73558187,R0
col,9005429,7.210732416,-75.77945274,R0
col,9005360,7.247921233,-75.82040954,R0
col,9005502,7.194480502,-75.84357398,R0
col,9005041,7.426104628,-75.64659283,R0
col,9005114,7.399987182,-75.64535849,R0
col,9004914,7.485436213,-75.63259702,R0
col,9005025,7.454865821,-75.62482373,R0
col,9004923,7.484976029,-75.58695592,R0
col,9005012,7.522027976,-75.67671962,R0
col,9005283,7.308492815,-75.97458573,R0
col,9005169,7.355213913,-75.96657016,R0
col,9005194,7.331867073,-75.96238633,R0
col,9005315,7.277621049,-76.18465026,R0
col,9005328,7.274513541,-76.14659518,R0
col,9005362,7.240915534,-76.13253155,R0
col,9005393,7.234397514,-76.1464503,R0
col,9008172,5.803270097,-75.73811004,R0
col,9008180,5.808000734,-75.67789994,R0
col,9008240,5.74650314,-75.61069093,R0
col,9007856,5.934860224,-75.38024644,R0
col,9007932,5.900092641,-75.40480639,R0
col,9006932,6.428480898,-74.72682797,R0
col,9006943,6.394485249,-74.72413603,R0
col,9006548,6.63795218,-74.61230382,R0
col,9006777,6.50026034,-74.6816289,R0
col,9007382,6.174604422,-75.33810134,R0
col,9007980,5.868924028,-75.53498184,R0
col,9007981,5.866956158,-75.51144571,R0
col,9008624,5.574783928,-75.15477224,R0
col,9008619,5.616875569,-75.09296623,R0
col,9008416,5.668111091,-75.09137421,R0
col,9003936,8.050414528,-74.86989782,R0
col,9003825,8.087847116,-74.7570216,R0
col,9003714,8.160821635,-74.81046257,R0
col,9004125,7.910599129,-74.8253107,R0
col,9004096,7.928884539,-74.81949147,R0
col,9004070,7.949781378,-74.81712136,R0
col,9004014,8.016104458,-74.79377383,R0
col,9004197,7.909590078,-74.8850621,R0
col,9004400,7.844715261,-74.79938336,R0
col,9004098,7.946572053,-74.7447896,R0
col,9003910,8.047435055,-74.72108517,R0
col,9007331,6.240526329,-75.26010602,R0
col,9005794,7.012760087,-75.85379628,R0
col,9008017,5.876251864,-75.90871418,R0
col,9007116,6.312201736,-74.47111918,R0
col,9006475,6.715779017,-74.43242309,R0
col,9006588,6.605245477,-74.41850034,R0
col,9006570,6.631502199,-74.38291461,R0
col,9006474,6.658229035,-74.39724858,R0
col,9006853,6.45214817,-74.47195096,R2
col,9006790,6.507414174,-74.39918597,R0
col,9006709,6.538960145,-74.44806832,R0
col,9006933,6.436659583,-74.3837627,R0
col,9006778,6.556370045,-74.61567364,R0
col,9006814,6.468050174,-74.6459117,R0
col,9007125,6.353955899,-74.54939649,R0
col,9007440,6.140180046,-74.63863757,R0
col,9007352,6.197191709,-74.57717239,R0
col,9007599,6.064073135,-74.56810753,R0
col,9007255,6.264394317,-74.67985581,R0
col,9007494,6.147870116,-74.80687447,R0
col,9007305,6.214520098,-74.60746031,R0
col,9007292,6.23598093,-74.55712256,R0
col,9007727,5.99426314,-74.74177288,R0
col,9007781,5.99919076,-74.58235319,R0
col,9007721,6.033786103,-74.6555557,R0
col,9007858,5.942630715,-74.64540734,R0
col,9007912,5.908421209,-74.58653364,R0
col,9007918,5.942614001,-74.7585484,R0
col,9005802,7.076582753,-74.84601864,R0
col,9005835,6.988910762,-74.81655825,R0
col,9006372,6.745659972,-74.58046902,R0
col,9005652,7.113851481,-74.57199667,R0
col,9005574,7.147280979,-74.6543396,R0
col,9005876,6.95854167,-74.55770834,R0
col,9005912,6.968709103,-74.61012858,R0
col,9005556,7.181469303,-74.43414548,R0
col,9005739,7.038058296,-74.38802535,R0
col,9005586,7.122914988,-74.37158013,R0
col,9005734,7.074991288,-74.3576721,R0
col,9005974,6.934160375,-74.46079608,R0
col,9005978,6.93329599,-74.50863919,R0
col,9007571,6.080898353,-75.49505564,R0
col,9007516,6.099969432,-75.49185493,R2
col,9006223,6.825282583,-75.85699459,R0
col,9006058,6.937455763,-75.82625942,R0
col,9005951,6.990130499,-75.74585337,R0
col,9005765,7.0290947,-75.79396958,R0
col,9005699,7.053700941,-75.77178722,R0
col,9007903,5.947254705,-75.93968553,R0
col,9007812,5.94991143,-75.85270284,R0
col,9006089,6.922368243,-75.65897321,R0
col,9007343,6.212708519,-74.93499732,R0
col,9007335,6.211061892,-74.74638463,R0
col,9007239,6.319961077,-74.81491182,R0
col,9007334,6.21462005,-74.83318184,R0
col,9007548,6.090463907,-74.83671357,R0
col,9007616,6.06677645,-74.86327325,R0
col,9008164,5.885068413,-74.86904447,R0
col,9007878,5.924140647,-75.08426751,R0
col,9007866,5.931175771,-75.03718908,R0
col,9007871,5.927021271,-74.95649394,R0
col,9002901,8.74620824,-76.50119158,R0
col,9002961,8.682391519,-76.47555271,R0
col,9007749,6.004074386,-74.81101669,R0
col,9007835,5.974841523,-75.05257766,R0
col,9007823,5.988481835,-74.93755754,R0
col,9007615,6.061215487,-74.92802766,R0
col,9007877,5.922741025,-74.98536992,R0
col,9006742,6.525544355,-75.56578314,R0
col,9003309,8.432661046,-76.28669636,R0
col,9003277,8.460339605,-76.2942162,R0
col,9003222,8.475846947,-76.285289,R0
col,9003231,8.478994828,-76.31670397,R0
col,9003214,8.488095666,-76.30031745,R0
col,9003592,8.329122688,-76.35443396,R0
col,9007233,6.286425521,-75.00577012,R0
col,9006911,6.411957825,-74.92478446,R0
col,9006931,6.497114165,-74.88880463,R0
col,9008216,5.804576332,-75.6186699,R0
col,9005541,7.150096977,-74.83257549,R0
col,9005481,7.167539101,-74.85170577,R0
col,9005309,7.284337253,-74.79129381,R0
col,9005473,7.237190618,-74.80927727,R0
col,9005482,7.242200255,-74.64979003,R0
col,9005065,7.413334938,-74.57615985,R0
col,9005129,7.377349814,-74.59707446,R0
col,9008390,5.684281655,-75.4009777,R0
col,9008391,5.682174408,-75.35837991,R0
col,9008345,5.748409919,-75.38452188,R0
col,9008041,5.855287859,-74.66165885,R0
col,9008051,5.840241451,-74.69828745,R0
col,9008138,5.819067218,-74.71297351,R0
col,9008044,5.859582975,-75.06561978,R0
col,9007933,5.900425355,-75.05268064,R0
col,9008067,5.856771456,-75.09800604,R0
col,9008075,5.828892065,-75.15261542,R0
col,9008141,5.812775988,-75.13962579,R0
col,9006716,6.526390428,-75.78963534,R0
col,9006888,6.454807837,-75.79477211,R0
col,9006713,6.525251697,-75.80435765,R0
col,9008357,5.69928321,-75.69130136,R0
col,9005147,7.356135135,-75.17527499,R0
col,9005035,7.424343824,-75.29945028,R0
col,9004963,7.512114003,-75.33491977,R0
col,9005022,7.441535226,-75.3062408,R0
col,9004890,7.497459762,-75.52635565,R0
col,9004908,7.489515606,-75.49388183,R0
col,9004915,7.523265568,-75.36758699,R0
col,9004879,7.559985993,-75.43509485,R0
col,9004674,7.688250248,-75.49629379,R0
col,9008018,5.888475248,-75.84416289,R0
col,9007853,5.932824756,-75.84367118,R0
col,9008050,5.882227587,-75.77758804,R0
col,9007904,5.919208438,-75.87391182,R0
col,9007682,6.05307917,-75.85528612,R0
col,9007604,6.08194066,-75.75534269,R0
col,9007491,6.118480263,-75.79199261,R0
col,9006160,6.86440379,-76.23045682,R0
col,9006094,6.873690068,-76.14820974,R0
col,9005992,6.905367667,-76.19989679,R0
col,9005991,6.905912271,-76.11180076,R0
col,9005322,7.267717909,-75.41433208,R0
col,9005803,7.1261836,-75.49950683,R0
col,9005446,7.235224793,-75.39310493,R0
col,9005258,7.319363908,-75.36368364,R0
col,9005153,7.385667065,-75.31502846,R0
col,9005069,7.430050955,-75.32074094,R0
col,9005155,7.350334844,-75.36807882,R0
col,9008412,5.681448969,-75.66051683,R0
col,9008340,5.733648716,-75.65312819,R0
col,9006237,6.838138619,-74.58110956,R0
col,9006123,6.862638227,-74.68151616,R0
col,9006009,6.914070452,-74.63433066,R0
col,9006262,6.79243118,-74.81090442,R0
col,9006343,6.743402789,-74.87030623,R0
col,9007740,5.998478389,-75.76872478,R0
col,9006411,6.715097538,-74.69058218,R0
col,9006276,6.786451692,-74.68518507,R0
col,9006506,6.664288604,-74.93650101,R0
col,9006507,6.643059013,-74.86072813,R0
col,9005784,7.00937864,-75.63737947,R0
col,9005656,7.144974423,-75.36643251,R0
col,9006033,6.92545993,-75.40674541,R0
col,9006546,6.657520965,-74.53866086,R0
col,9006412,6.703299564,-74.59591718,R0
col,9006394,6.710121423,-74.53540676,R0
col,9006466,6.672557446,-74.98538537,R0
col,9006500,6.673413304,-74.71053749,R0
col,9006425,6.687133703,-74.97785213,R0
col,9006606,6.608164506,-74.81472896,R0
col,9006542,6.630919368,-74.921824,R0
col,9005086,7.421345968,-74.89923573,R0
col,9005109,7.386172091,-74.88173247,R0
col,9005089,7.416424094,-74.94037862,R0
col,9004895,7.500071055,-74.92134786,R0
col,9004882,7.548568906,-74.85344377,R0
col,9004688,7.624170906,-74.80383172,R0
col,9004596,7.678848814,-74.81690876,R0
col,9004587,7.670972911,-74.85490246,R0
col,9004670,7.660648061,-74.90425997,R0
col,9004731,7.596343871,-74.96186174,R0
col,9004968,7.473892628,-74.91334404,R0
col,9004902,7.490872164,-74.88759814,R0
col,9004929,7.482853861,-74.86671644,R0
col,9005212,7.378779481,-74.71805446,R0
col,9005218,7.313850444,-74.70269747,R0
col,9005235,7.391018968,-74.79387648,R0
col,9005121,7.404063978,-74.68189741,R0
col,9005097,7.413973277,-74.65266939,R0
col,9004623,7.676300959,-74.79587091,R0
col,9004934,7.533710959,-74.78724413,R0
col,9000308,10.98911264,-74.7751693,R0
col,9000273,10.9766142,-74.88686916,R0
col,9000267,10.99018665,-74.85955106,R0
col,9000261,10.99759866,-74.85740859,R0
col,9000258,11.0019945,-74.87020939,R0
col,9000754,10.38910755,-74.9504355,R0
col,9000733,10.42647285,-74.82818958,R0
col,9000655,10.47212546,-74.82728946,R0
col,9000796,10.35536124,-74.86868767,R0
col,9000735,10.38577556,-74.8694299,R0
col,9000369,10.83275185,-75.12913519,R0
col,9000341,10.8710982,-75.05841136,R0
col,9000527,10.63799097,-75.20738237,R0
col,9000333,10.87490503,-74.74033397,R0
col,9000338,10.86835573,-74.73922074,R0
col,9000533,10.66699056,-74.724919,R0
col,9000482,10.68644901,-74.73659594,R0
col,9000439,10.71009449,-75.24272909,R0
col,9000420,10.73429954,-75.24174265,R0
col,9000594,10.54113453,-74.76499331,R0
col,9000595,10.55706456,-74.74544284,R0
col,9000611,10.51387039,-74.80493652,R0
col,9000643,10.49643308,-74.807781,R0
col,9000253,11.02889159,-74.87868235,R0
col,9000712,10.47421885,-75.08945791,R0
col,9000603,10.52333333,-75.04625001,R0
col,9000604,10.52354167,-75.04062501,R0
col,9000592,10.56967236,-75.06397269,R0
col,9000716,10.41166667,-75.10708334,R0
col,9000713,10.413125,-75.10604167,R0
col,9000715,10.43895778,-75.12016927,R0
col,9000376,10.82393389,-74.75212298,R0
col,9000593,10.62514109,-75.02794493,R0
col,9000774,10.37050104,-74.98844204,R0
col,9000826,10.32804517,-74.92157925,R0
col,9000430,10.72174643,-74.80543419,R0
col,9000896,10.25716001,-74.91067326,R0
col,9000827,10.31065398,-74.88748366,R0
col,9002932,8.747936723,-74.42347514,R0
col,9002894,8.761709678,-74.39124727,R0
col,9003139,8.560841251,-74.35178408,R0
col,9002988,8.779350392,-74.48871823,R0
col,9003300,8.501888794,-74.54408698,R0
col,9003091,8.601502274,-74.52421985,R0
col,9002987,8.647054005,-74.52688722,R0
col,9002895,8.740809778,-74.2678809,R0
col,9003562,8.382342366,-74.09066821,R0
col,9000943,10.17548771,-75.27783145,R0
col,9000932,10.20522063,-75.43291191,R0
col,9000942,10.20808782,-75.39864287,R0
col,9001135,10.09433586,-75.25645952,R0
col,9001122,10.11285995,-75.33531273,R0
col,9001142,10.04339973,-75.49579388,R0
col,9001121,10.07364003,-75.44518835,R0
col,9002765,8.850494392,-74.26716732,R0
col,9002794,8.818086787,-74.22619513,R0
col,9002606,8.946888475,-74.17713017,R0
col,9002745,8.856461664,-74.15363822,R0
col,9002720,8.897753275,-74.14751127,R0
col,9000978,10.15539609,-74.94461996,R0
col,9000964,10.16071489,-74.94096405,R0
col,9001049,10.15052821,-75.00402163,R0
col,9000895,10.22214141,-74.93143759,R0
col,9000960,10.19178215,-74.93343955,R0
col,9005115,7.394008317,-73.96097214,R0
col,9005116,7.423510498,-73.9173663,R0
col,9005276,7.312495072,-74.10531862,R0
col,9005269,7.331517402,-73.97216882,R0
col,9005557,7.18472279,-74.10213214,R0
col,9005669,7.093588949,-74.21966394,R0
col,9005617,7.139723884,-74.18006182,R0
col,9005167,7.381309651,-73.90834372,R0
col,9005045,7.418750003,-73.89687501,R0
col,9001737,9.546250002,-74.85270834,R0
col,9001738,9.556859507,-74.84029297,R0
col,9001766,9.59716656,-74.92972639,R0
col,9001811,9.511373575,-74.87492133,R0
col,9001905,9.47004252,-74.86670502,R0
col,9001706,9.592450538,-74.82477949,R0
col,9001765,9.531228668,-75.01697014,R0
col,9001541,9.698075374,-75.11491994,R0
col,9001505,9.717659573,-75.14338926,R0
col,9001503,9.739084294,-75.02402791,R0
col,9001154,10.07349318,-74.84657247,R0
col,9001128,10.07511005,-74.90121985,R0
col,9001120,10.07893993,-74.9243279,R0
col,9001047,10.10541667,-74.90583334,R0
col,9001209,9.989043148,-74.80263574,R0
col,9001186,10.01404322,-74.79154992,R0
col,9001046,10.10570738,-74.91873069,R0
col,9002607,8.95279795,-74.07752703,R0
col,9002567,8.953858838,-74.01679418,R0
col,9002660,8.915730801,-74.50971973,R0
col,9002375,9.089093281,-74.71947766,R0
col,9002415,9.055833336,-74.66750001,R0
col,9002424,9.052770528,-74.67185256,R0
col,9002444,9.045592693,-74.66058097,R0
col,9002529,9.008627737,-74.63416596,R0
col,9002296,9.151546967,-74.76181948,R0
col,9002184,9.220899512,-74.75644574,R0
col,9002238,9.200869682,-74.74222769,R0
col,9001877,9.434524155,-74.74069047,R0
col,9001970,9.378243914,-74.81927287,R0
col,9002033,9.348749356,-74.78539576,R0
col,9002185,9.322036687,-74.72576558,R0
col,9000845,10.27395834,-75.18875001,R0
col,9000944,10.21939736,-75.23246769,R0
col,9000857,10.2787251,-75.13233141,R0
col,9000846,10.28208334,-75.17291667,R0
col,9002476,9.05256289,-74.12900576,R0
col,9002304,9.151046115,-74.25243844,R0
col,9001132,10.04863685,-75.38193984,R0
col,9001196,10.01612156,-75.37948509,R0
col,9001134,10.04333334,-75.37666667,R0
col,9001212,10.00023501,-75.30495344,R0
col,9001233,9.968687694,-75.34715441,R0
col,9001256,9.936317583,-75.30218582,R0
col,9001330,9.893803901,-75.31916586,R0
col,9001325,9.934783083,-75.39955748,R0
col,9004216,7.882760202,-74.43445944,R0
col,9004245,7.9216035,-74.50011879,R0
col,9004119,7.924319551,-74.38078113,R0
col,9004103,7.940853514,-74.43130652,R0
col,9004015,7.982662168,-74.45406092,R0
col,9004029,7.983380934,-74.38617667,R0
col,9003940,8.024281692,-74.51016033,R0
col,9003856,8.060437506,-74.54542812,R0
col,9003866,8.062561976,-74.49917241,R0
col,9003829,8.09007071,-74.55657978,R0
col,9003811,8.096267887,-74.46260023,R0
col,9003823,8.099349883,-74.40676654,R0
col,9003831,8.154025662,-74.65842003,R0
col,9003514,8.286041669,-74.50541667,R0
col,9003526,8.290582641,-74.46356054,R0
col,9004778,7.559084252,-74.49820194,R0
col,9002376,9.092399203,-74.51930236,R0
col,9002307,9.116327247,-74.48765404,R0
col,9002367,9.103418301,-74.44380347,R0
col,9002399,9.066950809,-74.54208769,R0
col,9002321,9.139362486,-74.72472946,R0
col,9002407,9.082061175,-74.68963684,R0
col,9002378,9.156083939,-74.63752483,R0
col,9003692,8.200927147,-73.77870045,R0
col,9003762,8.139812796,-73.78900026,R0
col,9003581,8.247519574,-73.765708,R0
col,9003551,8.255798694,-73.93042758,R0
col,9003691,8.288363432,-74.03122127,R0
col,9003548,8.322720726,-73.87186862,R0
col,9003332,8.432164276,-73.87712602,R0
col,9003253,8.456035382,-73.87578355,R0
col,9003754,8.190553431,-73.90315948,R0
col,9003537,8.321835527,-73.75282619,R0
col,9003540,8.270603511,-73.77538983,R0
col,9003102,8.573678932,-74.06746656,R0
col,9003114,8.562700283,-74.04298285,R0
col,9003157,8.54690233,-74.08172173,R0
col,9003499,8.415717128,-74.15429044,R0
col,9002776,8.824106744,-74.43156727,R0
col,9002771,8.826826779,-74.43730715,R0
col,9002764,8.857625783,-74.33017563,R0
col,9002717,8.8781816,-74.37432779,R0
col,9002684,8.888580331,-74.36948103,R0
col,9002669,8.902323988,-74.41172123,R0
col,9002985,8.665311437,-74.26743816,R0
col,9002939,8.695065101,-74.32480045,R0
col,9002663,8.898717082,-74.47216282,R0
col,9002664,8.903558267,-74.45835502,R0
col,9002753,8.865934409,-74.44915287,R0
col,9002685,8.904245896,-74.34374563,R0
col,9002639,8.975266189,-74.41560283,R0
col,9002654,8.920534292,-74.48307811,R0
col,9002605,8.999102431,-74.5770026,R0
col,9003012,8.648665314,-73.82739665,R0
col,9003020,8.660852271,-73.91977704,R0
col,9002779,8.817941514,-73.79700156,R0
col,9003151,8.536003094,-73.90930246,R0
col,9003238,8.494212377,-73.88189152,R0
col,9003156,8.549365619,-73.97796245,R0
col,9003245,8.470712421,-73.75144082,R0
col,9003152,8.574247567,-73.84892569,R0
col,9003209,8.576263774,-73.7897501,R0
col,9003058,8.609200524,-73.8678663,R0
col,9003019,8.627750668,-73.91218947,R0
col,9001432,9.788457428,-75.0132614,R0
col,9003786,8.134391278,-74.78184069,R0
col,9003508,8.324337613,-74.53880357,R0
col,9003397,8.399030619,-74.55475347,R0
col,9003315,8.42454462,-74.53311556,R0
col,9003677,8.206587444,-74.75464794,R0
col,9003571,8.260985449,-74.65035881,R0
col,9003498,8.321222576,-74.63580755,R0
col,9003495,8.326658198,-74.57125213,R0
col,9001285,9.926640015,-74.98568436,R0
col,9002666,8.926402436,-74.00226576,R0
col,9002565,8.978333354,-73.98382614,R0
col,9002913,8.813510033,-73.99652512,R0
col,9005795,7.010523813,-74.30414007,R0
col,9005553,7.254388226,-74.39333313,R0
col,9005587,7.198536124,-74.34438091,R0
col,9004917,7.506044016,-73.91031909,R0
col,9004826,7.643554579,-73.84354585,R0
col,9004600,7.676304545,-73.95368664,R0
col,9004916,7.516834495,-73.94656394,R0
col,9004713,7.620580471,-73.91134915,R0
col,9004903,7.557670819,-74.03744492,R0
col,9004992,7.508769428,-74.02741894,R0
col,9000493,10.65918783,-75.25574747,R0
col,9000419,10.73900336,-75.26032382,R0
col,9000720,10.43223313,-75.36099778,R0
col,9000659,10.47354808,-75.38407352,R0
col,9005037,7.433436213,-74.51101953,R0
col,9005018,7.487172723,-74.52614759,R0
col,9004779,7.650750975,-74.46020525,R0
col,9004256,7.90300131,-74.10542987,R0
col,9004497,7.724847087,-74.1469927,R0
col,9004571,7.691401862,-74.28878648,R0
col,9004572,7.692596837,-74.24179274,R0
col,9004703,7.633969464,-74.30157144,R0
col,9003891,8.059435551,-74.07602246,R0
col,9004071,7.982494739,-74.06157007,R0
col,9004496,7.714705784,-74.21771369,R0
col,9004411,7.754196644,-74.087867,R0
col,9004317,7.795295701,-73.88104426,R0
col,9004309,7.81585071,-73.84312406,R0
col,9004455,7.832203545,-73.95683274,R0
col,9004534,7.693170197,-74.01812858,R0
col,9003903,8.033748216,-73.94155842,R0
col,9003867,8.085252079,-73.9082531,R0
col,9003753,8.139589549,-73.92152892,R0
col,9003743,8.144595194,-73.96565562,R0
col,9003713,8.168444595,-74.00883757,R0
col,9004893,7.595324873,-74.14364171,R0
col,9004641,7.668251159,-74.22294559,R0
col,9004601,7.723725856,-73.87495618,R0
col,9000793,10.36799848,-75.10921769,R0
col,9000792,10.33601075,-75.12677707,R0
col,9000816,10.31375,-75.14125001,R0
col,9001960,9.396032738,-74.75230716,R0
col,9002230,9.224168334,-74.58601561,R0
col,9002131,9.345211867,-74.67396923,R0
col,9001902,9.419614904,-74.69951742,R0
col,9003137,8.564891835,-74.29177301,R0
col,9003068,8.629344369,-74.30163693,R0
col,9003171,8.535039808,-74.22272879,R0
col,9003248,8.501410641,-74.34357777,R0
col,9003256,8.455685394,-74.33248151,R0
col,9003344,8.426948717,-74.37673848,R0
col,9001460,9.759625347,-74.80652402,R0
col,9001627,9.675110224,-74.87489547,R0
col,9001643,9.652558657,-74.80581309,R0
col,9001419,9.786014498,-74.87937526,R0
col,9009304,5.279736962,-72.96301832,R0
col,9009305,5.332205327,-72.91994477,R0
col,9009050,5.461491393,-72.9139384,R0
col,9009051,5.392954522,-72.88229446,R0
col,9008242,5.829900376,-73.49074741,R5
col,9007770,5.991392639,-72.86786323,R0
col,9009522,5.192707014,-73.08786148,R0
col,9009517,5.21503563,-73.13148538,R0
col,9007838,5.930751978,-72.79579964,R0
col,9007854,5.927783451,-72.80606747,R0
col,9007306,6.246681964,-72.63923708,R0
col,9007087,6.318045338,-72.62757746,R0
col,9009012,5.444635144,-73.39099861,R0
col,9008875,5.474128278,-74.00392654,R0
col,9008085,5.828382258,-72.87793917,R0
col,9010185,5.036983807,-73.11957355,R0
col,9009490,5.220263773,-73.3542822,R2
col,9008573,5.609285295,-73.82316708,R0
col,9006166,6.837825532,-72.37282851,R0
col,9006376,6.737079992,-72.42587582,R0
col,9006366,6.741006493,-72.39208871,R0
col,9006283,6.786379505,-72.39787575,R0
col,9006173,6.808958337,-72.40187501,R0
col,9007383,6.189710783,-72.52727749,R0
col,9007902,5.90699359,-72.38484223,R0
col,9007901,5.920676216,-72.42046183,R2
col,9007782,5.974439981,-72.43831547,R2
col,9007677,6.041678599,-73.43319134,R0
col,9007565,6.071233808,-73.42349922,R0
col,9008932,5.478961654,-74.08032153,R100
col,9008874,5.487261059,-74.03279275,R0
col,9009092,5.41854179,-74.00256315,R0
col,9008165,5.786590542,-72.83891545,R0
col,9008136,5.813177798,-72.83704218,R0
col,9006835,6.512077276,-72.69601073,R0
col,9006666,6.568160501,-72.78132723,R0
col,9006130,6.850705943,-72.34297036,R0
col,9006042,6.880232348,-72.350858,R0
col,9006067,6.900961651,-72.28607588,R0
col,9006002,6.91439536,-72.3325048,R0
col,9005880,6.966289268,-72.2440418,R0
col,9005838,6.998623752,-72.26770915,R0
col,9006279,6.893581416,-72.12703466,R0
col,9005839,7.025851406,-72.17445204,R0
col,9005778,7.020522937,-71.99777916,R0
col,9010541,4.884000605,-73.30286515,R2
col,9008120,5.824515122,-73.01995465,R0
col,9008177,5.784607753,-73.04546451,R0
col,9008174,5.79084579,-73.07597056,R10
col,9007010,6.402276084,-72.4484782,R0
col,9006759,6.534573624,-72.50520031,R2
col,9008447,5.695478578,-72.96078379,R0
col,9008205,5.778428424,-72.79746984,R2
col,9009931,5.041618974,-73.39108128,R0
col,9006819,6.471823823,-72.5013178,R0
col,9010037,4.997940963,-73.45224347,R0
col,9006592,6.63550388,-72.26519228,R0
col,9006744,6.583377441,-72.2243828,R0
col,9006427,6.714378752,-72.13772501,R2
col,9006460,6.678463809,-72.19607819,R0
col,9006559,6.648416982,-72.17667926,R10
col,9006838,6.452770215,-72.42227838,R0
col,9008694,5.593544776,-72.99067112,R0
col,9009276,5.34743289,-73.37533203,R0
col,9007466,6.159775269,-72.64342334,R0
col,9008668,5.58323956,-72.58914725,R0
col,9008592,5.591086983,-72.63430181,R0
col,9008516,5.619443045,-72.60525057,R2
col,9008490,5.62987203,-72.61057794,R2
col,9008777,5.531837068,-72.59770166,R0
col,9007313,6.204325843,-72.61381709,R0
col,9007307,6.208574125,-72.5937912,R0
col,9008396,5.686766797,-73.52568271,R2
col,9008667,5.601900832,-73.5359805,R0
col,9008419,5.676256137,-73.57693549,R2
col,9010184,5.007410402,-73.22580977,R0
col,9008811,5.543676603,-74.07037023,R0
col,9008491,5.722652221,-72.62429073,R0
col,9007836,5.945762799,-73.59982971,R0
col,9008365,5.813728548,-73.57779147,R0
col,9007821,5.952039283,-73.55984871,R5
col,9008576,5.595156567,-74.09187206,R2
col,9008568,5.601641534,-74.12529433,R0
col,9008665,5.627185004,-73.29507144,R0
col,9008053,5.857048703,-74.09219844,R0
col,9007905,5.906739067,-74.1839494,R0
col,9008188,5.816683299,-74.1676696,R0
col,9008233,5.749905609,-74.12397592,R0
col,9009813,5.13343773,-73.37625449,R0
col,9009489,5.216402167,-73.39140263,R0
col,9010038,5.133178327,-72.98999192,R0
col,9010039,5.007818834,-73.010862,R0
col,9008225,5.757131674,-73.11662948,R0
col,9008238,5.760483896,-73.15355695,R0
col,9008186,5.772586298,-73.09111418,R0
col,9009299,5.291755248,-72.71613688,R0
col,9009300,5.442431183,-72.72711251,R0
col,9008468,5.643363814,-74.04680699,R0
col,9008394,5.685814896,-74.03963679,R0
col,9008299,5.725443541,-74.03601706,R0
col,9008298,5.737527138,-74.07533115,R0
col,9008193,5.790841902,-74.08723519,R0
col,9008114,5.816088147,-74.0521094,R0
col,9008292,5.729312635,-73.99956476,R0
col,9008381,5.700205591,-73.95784977,R0
col,9008475,5.699668608,-72.28916295,R0
col,9008818,5.629413584,-72.41328593,R0
col,9007729,5.993459394,-72.72954539,R0
col,9007728,6.013037215,-72.76696925,R0
col,9008715,5.594520973,-73.03341717,R0
col,9007425,6.161904051,-74.59290051,R0
col,9008153,5.823483234,-74.64438044,R0
col,9007555,6.104182346,-74.5949157,R0
col,9007966,5.88530628,-74.61897316,R0
col,9007859,5.937626287,-74.59952816,R0
col,9007996,5.877436993,-74.56988606,R100
col,9007763,6.000981859,-74.33710363,R0
col,9007813,6.032519769,-74.27875825,R0
col,9007635,6.058819389,-74.51608809,R2
col,9007636,6.112395583,-74.46994603,R0
col,9007453,6.188939206,-74.47496443,R0
col,9007834,5.945489929,-74.45515241,R0
col,9007950,5.910462358,-74.48390965,R5
col,9007867,5.932049219,-74.56248235,R2
col,9008199,5.771077636,-74.4369202,R0
col,9008290,5.761454198,-74.56991906,R0
col,9008885,5.524814418,-74.13121555,R2
col,9009013,5.412803425,-73.33528516,R0
col,9008812,5.53767732,-73.61504708,R10
col,9008406,5.761632466,-73.72900508,R0
col,9008487,5.649060412,-73.78668383,R0
col,9008465,5.653060117,-73.77282326,R2
col,9010391,4.840719158,-73.17365907,R0
col,9010771,4.707043284,-73.08066889,R0
col,9006924,6.423488807,-72.58876067,R0
col,9006825,6.474568167,-72.57624916,R0
col,9008819,5.563697312,-73.77350243,R0
col,9008842,5.490056023,-73.76712069,R0
col,9008546,5.631380195,-74.07330247,R2
col,9008426,5.68093756,-74.04921484,R0
col,9008334,5.711136763,-74.04576155,R0
col,9007568,6.087683307,-73.46256757,R0
col,9010781,4.700639176,-73.21712324,R0
col,9010540,4.749617037,-73.30833334,R2
col,9007577,6.088516872,-72.65419258,R0
col,9007469,6.116920042,-72.67669449,R0
col,9007146,6.304621636,-72.64493308,R0
col,9007706,6.031558403,-72.64145104,R0
col,9007793,5.959167383,-72.46862883,R2
col,9007737,5.990753308,-72.70996753,R0
col,9007703,6.033262082,-72.68709997,R0
col,9008237,5.755301354,-73.21205875,R100
col,9007317,6.247201526,-72.68474966,R0
col,9008596,5.620639532,-73.61137502,R5
col,9007832,5.962626467,-72.77131192,R0
col,9007919,5.90865688,-72.77727741,R2
col,9008068,5.879749094,-72.81797707,R0
col,9009812,5.076263664,-73.40765923,R2
col,9009412,5.259475399,-73.403427,R0
col,9009275,5.317354856,-73.43951556,R0
col,9008608,5.571265397,-73.65065503,R100
col,9007072,6.382219621,-72.65636272,R0
col,9008519,5.615089188,-73.19047323,R0
col,9008732,5.571998672,-73.21889215,R0
col,9007985,5.904868097,-73.48286012,R25
col,9008257,5.755867045,-72.85073267,R0
col,9008293,5.722065856,-73.97928147,R0
col,9009246,5.31712452,-73.51719943,R2
col,9009173,5.34031867,-73.48827531,R2
col,9008503,5.657415061,-73.22347627,R0
col,9008322,5.724081511,-73.2123318,R0
col,9007669,6.058858544,-72.82865839,R2
col,9009440,5.223909632,-73.4176399,R2
col,9009404,5.238350064,-73.1841838,R0
col,9009397,5.256576912,-73.16327811,R0
col,9009324,5.319101263,-73.11684194,R0
col,9009321,5.330857846,-73.18155976,R0
col,9009757,5.119873418,-75.53899914,R0
col,9009650,5.153209277,-75.67153975,R0
col,9008680,5.645118084,-75.58535846,R0
col,9008286,5.729280121,-75.57841087,R0
col,9008936,5.560327105,-75.3405085,R0
col,9009608,5.173834109,-75.70463993,R0
col,9009585,5.179630268,-75.67706323,R0
col,9009945,5.029377264,-75.73807679,R0
col,9009861,5.063244475,-75.72887477,R0
col,9009429,5.247329008,-75.65030973,R0
col,9009313,5.275064964,-75.66288977,R0
col,9009310,5.287191901,-75.66189347,R0
col,9009249,5.333439117,-75.63071049,R0
col,9009374,5.260245405,-75.60867538,R0
col,9009435,5.223930397,-75.62170971,R0
col,9008331,5.751843604,-74.70723828,R0
col,9008425,5.678693261,-74.74899924,R0
col,9008418,5.681562496,-74.64356605,R2
col,9009068,5.405363089,-74.73185323,R0
col,9009027,5.44877798,-74.66614026,R0
col,9008341,5.704661684,-74.63170937,R0
col,9009184,5.35371267,-75.59285361,R0
col,9009078,5.417162698,-75.59285942,R0
col,9009495,5.212621631,-75.10903084,R0
col,9009603,5.181790193,-75.11922135,R0
col,9009680,5.14469076,-75.22300155,R0
col,9009338,5.275024454,-75.27692526,R0
col,9009341,5.275796189,-75.25334319,R0
col,9009569,5.208329214,-75.22069699,R0
col,9009592,5.165231888,-75.65952648,R0
col,9009515,5.223209128,-75.69807319,R0
col,9009542,5.192236082,-75.58429644,R0
col,9008531,5.647880051,-74.86850412,R0
col,9008681,5.568950628,-75.52653972,R0
col,9008907,5.502149695,-75.57594087,R0
col,9008935,5.451874894,-75.53386746,R0
col,9009785,5.112798957,-75.69773838,R0
col,9010056,5.018546835,-75.6822079,R0
col,9009728,5.121102475,-75.67233782,R0
col,9010033,5.04404807,-75.61903063,R0
col,9008884,5.509369329,-75.19769717,R0
col,9008908,5.493349385,-75.16365844,R0
col,9009115,5.366031537,-75.07171364,R0
col,9009116,5.386443061,-75.05221834,R0
col,9009180,5.335495288,-75.04603946,R0
col,9008927,5.448551544,-75.47248142,R0
col,9009169,5.370968979,-75.46989906,R0
col,9008522,5.639272579,-75.0377038,R0
col,9008424,5.664976739,-75.05252746,R0
col,9008733,5.545031257,-75.13049784,R0
col,9008407,5.714290402,-74.89103378,R0
col,9009198,5.414070847,-74.94154318,R0
col,9008805,5.528778367,-74.93191791,R0
col,9009150,5.351600059,-75.03849415,R0
col,9009083,5.424296905,-75.64733687,R0
col,9009084,5.377083337,-75.60791667,R0
col,9008638,5.603815492,-74.82169518,R0
col,9008951,5.461431573,-74.74893093,R2
col,9008849,5.513122029,-74.74831461,R0
col,9009986,5.027717098,-75.50028269,R0
col,9010195,4.950714473,-75.50429568,R0
col,9010077,5.101372665,-75.84138615,R0
col,9018387,1.781474771,-75.42183534,R0
col,9018062,1.902018093,-75.53921663,R0
col,9018063,1.901981492,-75.49577054,R0
col,9017954,1.991131075,-75.48723253,R0
col,9017955,1.978703062,-75.43339581,R0
col,9018223,1.850106405,-75.50876837,R0
col,9019579,1.357777259,-75.50509923,R0
col,9019558,1.367092583,-75.59832399,R0
col,9018606,1.69460705,-75.54235305,R0
col,9018935,1.629748175,-75.53819898,R0
col,9018934,1.637697639,-75.60409584,R0
col,9018610,1.750356238,-75.51126771,R0
col,9018513,1.725599426,-75.65296227,R0
col,9018477,1.768916721,-75.64494291,R0
col,9018265,1.814189598,-75.5327097,R0
col,9019240,1.502164057,-75.50918433,R0
col,9019327,1.440975433,-75.59280781,R0
col,9019326,1.541012768,-75.72874624,R0
col,9019954,1.328423714,-75.90596071,R0
col,9020028,1.181727827,-75.84124132,R2
col,9019400,1.430064925,-75.85973231,R0
col,9018933,1.590503307,-75.94413483,R0
col,9018835,1.620013946,-75.88290183,R0
col,9019908,1.317533453,-75.76414214,R0
col,9019403,1.413724609,-75.88832274,R0
col,9019186,1.491555684,-75.88271885,R0
col,9019187,1.539292751,-75.85202902,R0
col,9019960,1.196075515,-75.73448106,R0
col,9017729,2.020027098,-75.30002453,R0
col,9017450,2.123921889,-75.29125156,R0
col,9017454,2.200288377,-75.29336516,R0
col,9017730,2.037633379,-75.29666409,R0
col,9019039,1.617303638,-74.99557365,R0
col,9019312,1.433749618,-74.9399696,R0
col,9019242,1.464668121,-74.99948951,R0
col,9018528,1.720690568,-75.19838791,R0
col,9018514,1.732224622,-75.19601753,R0
col,9018557,1.71451727,-75.16673987,R0
col,9018574,1.703467771,-75.14577438,R0
col,9019130,1.502047402,-75.07944617,R0
col,9019131,1.562162109,-75.11551063,R0
col,9019488,1.46202991,-75.23268614,R0
col,9019491,1.376088761,-75.25409844,R0
col,9018388,1.824454343,-75.38432818,R0
col,9020055,1.266043234,-75.20703186,R0
col,9018643,1.714571646,-75.42815425,R0
col,9018678,1.669345364,-75.40808095,R0
col,9019512,1.441368029,-75.35725193,R0
col,9019519,1.358198805,-75.40528172,R0
col,9019536,1.39739578,-75.46701114,R0
col,9019241,1.558630627,-75.47009267,R0
col,9020056,1.160625005,-75.17270834,R0
col,9020233,1.134204312,-75.22147329,R0
col,9020234,1.130872771,-75.17874899,R0
col,9020094,1.211918419,-75.03300046,R0
col,9020105,1.147653399,-75.01255866,R0
col,9020594,0.982494433,-74.90439403,R0
col,9019737,1.313984954,-75.55330703,R0
col,9019884,1.249108885,-75.52624203,R0
col,9019738,1.307093956,-75.50471512,R0
col,9019580,1.341904617,-75.48342943,R0
col,9019544,1.35184818,-75.44898087,R0
col,9020140,1.144214411,-75.4430455,R0
col,9020125,1.1471887,-75.45607441,R0
col,9020081,1.158563549,-75.44932219,R0
col,9020141,1.168043506,-75.40824826,R0
col,9020124,1.175779628,-75.49780682,R0
col,9020925,0.954733614,-75.28504767,R0
col,9020501,1.093146,-75.25712799,R0
col,9020539,1.011382498,-75.21742422,R0
col,9020502,1.061123817,-75.20062595,R0
col,9020703,0.944041279,-75.21165858,R0
col,9020343,1.102263375,-75.41456005,R0
col,9020443,1.038044447,-75.38592601,R0
col,9020428,1.055086453,-75.38497855,R0
col,9019564,1.344407466,-75.60405808,R0
col,9019426,1.403426886,-75.60065557,R0
col,9019425,1.413606349,-75.6822692,R0
col,9016765,2.372611022,-75.12686955,R0
col,9016641,2.395190717,-75.20626504,R0
col,9016619,2.415151746,-75.19721239,R0
col,9017213,2.2354503550000002,-75.12604997,R2
col,9017184,2.268807237,-75.10009702,R0
col,9017191,2.278018476,-75.04915542,R2
col,9016716,2.445164528,-75.04845684,R2
col,9017219,2.200193019,-75.10167039,R2
col,9017625,2.070361931,-75.15658618,R0
col,9017605,2.090785943,-75.23659041,R0
col,9017626,2.109039884,-75.12928919,R0
col,9017331,2.181447814,-75.13159771,R2
col,9017330,2.221883196,-75.21385658,R0
col,9017779,2.030277927,-75.23813816,R0
col,9019040,1.569015935,-74.91783055,R0
col,9019313,1.47076386,-74.93003176,R0
col,9018558,1.721117954,-75.09259189,R0
col,9018367,1.8076136,-75.07240191,R0
col,9018459,1.75459518,-75.04359851,R0
col,9018368,1.807494657,-75.04029801,R0
col,9018497,1.731142772,-75.03817556,R0
col,9018498,1.731163562,-75.02979452,R0
col,9018153,1.958572527,-75.13821614,R0
col,9018134,1.884935478,-75.03024074,R0
col,9018133,1.978186522,-75.00813857,R2
col,9018224,1.829868354,-75.18556134,R0
col,9018614,1.725294314,-74.8289939,R0
col,9019260,1.469099779,-76.1812127,R0
col,9020207,1.262926181,-76.24844121,R0
col,9020208,1.180900805,-76.19622085,R0
col,9020027,1.189741206,-76.04225631,R2
col,9020113,1.192246805,-76.10552831,R0
col,9020026,1.224385488,-76.07597181,R0
col,9019261,1.44566764,-76.17551713,R0
col,9020218,1.110081099,-76.18759582,R0
col,9020102,1.160414769,-76.03506754,R0
col,9020288,1.102831011,-75.54404444,R0
col,9020434,1.047461266,-75.47356302,R0
col,9019935,1.214587034,-75.61890098,R0
col,9020698,0.97299866,-75.72521433,R0
col,9016268,2.560927221,-76.67855676,R0
col,9016568,2.448576021,-76.67724197,R0
col,9016588,2.480594079,-76.63207668,R0
col,9016355,2.535995558,-76.76858743,R0
col,9016449,2.496236222,-76.74424406,R0
col,9018001,1.914209328,-76.91483909,R5
col,9018151,1.877234329,-76.90079087,R0
col,9018181,1.846932115,-76.81643731,R0
col,9016869,2.396337741,-77.22840157,R0
col,9016625,2.430282875,-77.28259218,R0
col,9017096,2.246598752,-77.26595398,R2
col,9017063,2.253204815,-77.2450175,R0
col,9017052,2.287702297,-77.24098048,R0
col,9016874,2.3200947,-77.27470006,R0
col,9017721,2.024544633,-77.13004671,R0
col,9017719,2.052586734,-77.1483801,R0
col,9017876,1.993959334,-77.1810516,R0
col,9017777,2.006099659,-77.27060099,R0
col,9017778,2.032699535,-77.26395368,R0
col,9018378,1.815017566,-77.00940395,R0
col,9018283,1.824064702,-76.85770496,R0
col,9017948,1.930943354,-77.12458669,R0
col,9017949,1.924557262,-77.0986283,R0
col,9017971,1.919290638,-77.07661595,R0
col,9017972,1.948309904,-77.013424,R0
col,9015323,2.924639491,-76.66550975,R0
col,9014798,3.104580343,-76.58022497,R0
col,9015027,3.051173556,-76.58155761,R0
col,9014797,3.110262363,-76.63978279,R0
col,9015065,3.05256256,-76.65601866,R0
col,9015918,2.705615479,-76.70036884,R2
col,9015770,2.733113463,-76.71532289,R0
col,9016092,2.622366339,-76.73554345,R2
col,9016035,2.682355679,-76.75674393,R0
col,9015815,2.728682776,-76.77154529,R0
col,9016113,2.618476732,-76.77147509,R0
col,9015688,2.815464353,-76.51695981,R0
col,9015713,2.745390318,-76.48033573,R0
col,9015441,2.851443871,-76.60304227,R0
col,9014504,3.205676786,-76.26642252,R0
col,9014679,3.174660926,-76.28361793,R0
col,9016137,2.595177392,-76.77461329,R0
col,9016215,2.579072374,-76.77322315,R0
col,9016136,2.596773056,-76.79658575,R0
col,9016459,2.495621278,-76.76847997,R0
col,9016253,2.560928621,-76.76446908,R0
col,9016364,2.543550256,-76.81970926,R0
col,9016555,2.473949403,-77.07628239,R0
col,9016347,2.523803033,-77.0565983,R0
col,9016344,2.5795611,-77.10668028,R0
col,9016133,2.63000064,-77.04578431,R0
col,9015991,2.656852359,-77.12043259,R0
col,9016039,2.646089682,-77.15073895,R0
col,9015982,2.681651634,-76.99862931,R0
col,9015986,2.684307278,-77.15386366,R0
col,9015832,2.749660726,-77.11632153,R0
col,9015831,2.756576006,-77.22804948,R0
col,9016504,2.472380894,-77.22791445,R0
col,9016424,2.486439352,-77.21321917,R0
col,9016422,2.559543861,-77.19920195,R0
col,9017069,2.283711915,-76.95156241,R0
col,9017068,2.305451048,-76.99232468,R0
col,9016851,2.328602905,-76.91991504,R0
col,9016839,2.34916558,-76.87008442,R0
col,9016848,2.357663402,-76.92839741,R0
col,9016834,2.367968869,-76.88701665,R0
col,9017181,2.228560626,-76.97130446,R0
col,9017179,2.229886787,-77.00005005,R0
col,9017188,2.233094121,-76.86405076,R0
col,9018745,1.665016583,-77.12186298,R0
col,9014446,3.212516775,-76.39010459,R0
col,9014985,3.114806053,-76.38491692,R0
col,9016295,2.546541841,-75.99377544,R0
col,9016556,2.480937755,-76.13435267,R0
col,9016287,2.553238986,-76.04064996,R0
col,9016242,2.567947784,-76.09891521,R0
col,9016722,2.443736859,-76.08950743,R0
col,9015695,2.885512695,-76.3223117,R0
col,9017321,2.168485615,-76.82211067,R0
col,9017364,2.163520695,-76.84291175,R0
col,9017376,2.153590331,-76.85843066,R0
col,9017517,2.138980872,-76.80232503,R0
col,9017670,2.121008559,-76.72415738,R0
col,9017757,2.079715952,-76.82324149,R0
col,9017985,1.918133646,-77.20649343,R0
col,9017963,1.934774517,-77.2124734,R0
col,9017879,1.951666672,-77.20250001,R0
col,9018360,1.788870269,-77.25794124,R0
col,9018359,1.854592302,-77.27163443,R0
col,9018069,1.902471141,-77.0919609,R0
col,9018511,1.803440043,-77.11293221,R0
col,9014395,3.257618608,-76.2808039,R0
col,9015397,2.848305329,-76.82253008,R5
col,9015773,2.728162369,-76.73093369,R0
col,9015731,2.773394096,-76.71410647,R0
col,9014532,3.176774606,-76.35483355,R0
col,9014498,3.190125064,-76.36699162,R0
col,9015840,2.71859883,-76.15747928,R0
col,9015920,2.730608678,-76.03253166,R0
col,9015740,2.757651584,-76.15747429,R0
col,9015610,2.775466701,-76.05768762,R0
col,9015616,2.775662811,-76.17656029,R0
col,9015599,2.784776852,-76.19187264,R0
col,9015611,2.85934265,-76.07176509,R0
col,9016271,2.592406824,-75.86517156,R0
col,9016272,2.635105059,-75.79328264,R0
col,9016257,2.58344782,-75.97851268,R0
col,9016077,2.6315616,-76.00750444,R0
col,9016078,2.640279767,-75.9765694,R0
col,9015967,2.672917218,-75.99650601,R0
col,9015968,2.699300413,-75.97793399,R0
col,9015741,2.736458967,-75.95994664,R0
col,9015738,2.808237453,-75.96264461,R0
col,9016560,2.461565595,-75.84028653,R0
col,9016429,2.517306202,-75.82442743,R0
col,9015925,2.712291881,-76.07594768,R0
col,9017369,2.156440858,-77.0432398,R0
col,9017354,2.15888685,-77.03664597,R0
col,9017353,2.185278175,-77.03169193,R0
col,9017368,2.210969841,-77.0698247,R0
col,9017696,2.033887828,-77.10392983,R0
col,9017695,2.09338392,-77.0852568,R0
col,9017906,1.988686207,-77.0643144,R0
col,9017915,1.94134668,-77.17017833,R0
col,9020639,0.983573852,-76.22926852,R0
col,9020602,0.985233689,-76.40190753,R0
col,9020609,0.996482234,-76.31164159,R0
col,9020628,1.003053701,-76.46859498,R0
col,9020505,1.054844985,-76.26927751,R0
col,9020644,0.966697346,-76.29980338,R0
col,9020498,1.064717068,-76.13342741,R0
col,9020232,1.10655656,-76.22633237,R0
col,9016192,2.64130564,-76.50338195,R0
col,9014305,3.290791912,-76.46498014,R0
col,9014398,3.23944598,-76.42518432,R0
col,9014346,3.279720311,-76.44620009,R0
col,9017274,2.192576381,-76.48672762,R0
col,9017196,2.202916672,-76.49270834,R0
col,9017195,2.286479471,-76.52411435,R0
col,9016861,2.351859697,-76.49463306,R0
col,9016669,2.396523576,-76.4805814,R0
col,9016674,2.3997449,-76.49960086,R0
col,9017186,2.289670482,-76.78298117,R0
col,9015398,2.86676336,-76.50573011,R0
col,9015339,2.870847141,-76.60495716,R0
col,9014716,3.135468096,-76.53129882,R0
col,9014888,3.085580103,-76.53050072,R0
col,9014892,3.056655415,-76.50936913,R0
col,9015091,3.017127646,-76.51818985,R0
col,9019249,1.463927841,-76.62377227,R0
col,9019280,1.495988233,-76.45752125,R0
col,9019155,1.51102653,-76.5620508,R0
col,9019153,1.532196607,-76.60535668,R0
col,9018993,1.585758818,-76.47973437,R0
col,9018992,1.595007205,-76.53040029,R0
col,9019323,1.474784243,-76.38476907,R0
col,9018971,1.556614031,-76.31339089,R0
col,9018972,1.589172335,-76.29113832,R0
col,9018737,1.679576041,-76.5624981,R0
col,9018626,1.690057497,-76.62675492,R2
col,9018738,1.691088295,-76.52827607,R0
col,9018566,1.707993847,-76.62807671,R0
col,9018567,1.718948429,-76.60272252,R0
col,9018512,1.742308818,-76.59266885,R0
col,9018562,1.718972983,-76.67779032,R0
col,9019754,1.339182118,-76.43300502,R0
col,9019446,1.408240277,-76.52352246,R0
col,9019835,1.25641812,-76.56913633,R0
col,9019325,1.440492065,-76.80936336,R0
col,9019091,1.514231084,-76.75654744,R0
col,9019081,1.564884023,-76.75511975,R0
col,9019191,1.488031509,-76.70447268,R0
col,9018543,1.801140612,-76.68856366,R0
col,9015919,2.713007999,-76.48553896,R0
col,9015376,2.878073627,-76.82133708,R0
col,9015503,2.825824424,-76.76801845,R0
col,9015023,3.054352057,-76.71299678,R0
col,9015504,2.896599732,-76.69966888,R0
col,9017655,2.116743031,-76.93393751,R0
col,9017674,2.043203619,-76.97219513,R0
col,9016551,2.453998406,-76.71667369,R0
col,9016758,2.374914442,-76.78825192,R0
col,9016859,2.342361184,-76.77261213,R0
col,9015016,3.014481088,-76.28125155,R0
col,9015017,3.013764682,-76.20481275,R0
col,9015209,2.956998173,-76.25390984,R0
col,9016281,2.568676193,-76.50603255,R0
col,9016482,2.495327075,-76.44772425,R0
col,9014410,3.2338792,-76.44392397,R0
col,9014581,3.163696137,-76.4994307,R0
col,9014787,3.12814712,-76.46514695,R0
col,9014527,3.194351865,-76.46120835,R0
col,9003991,8.035514227,-73.70142041,R0
col,9004017,8.001569385,-73.67086719,R0
col,9003715,8.161604368,-73.71107877,R0
col,9003705,8.206504086,-73.57889133,R0
col,9003563,8.279675325,-73.64661231,R0
col,9003739,8.146689565,-73.62310454,R0
col,9001202,10.05162808,-73.29485435,R0
col,9001224,9.962639036,-73.27325869,R0
col,9001400,9.849072523,-73.26477102,R0
col,9001056,10.10784295,-73.0519769,R0
col,9001033,10.15157297,-73.02560957,R0
col,9001279,9.926743316,-73.23173394,R0
col,9001474,9.749184234,-73.50631704,R0
col,9001434,9.784559479,-73.52092388,R0
col,9001388,9.815964483,-73.48923922,R0
col,9001370,9.861004722,-73.47985084,R0
col,9001286,9.94804306,-73.4252998,R0
col,9001371,9.843086594,-73.40787664,R0
col,9001287,9.929879233,-73.36564881,R0
col,9001694,9.590367432,-73.80795284,R0
col,9001771,9.546640699,-73.87654618,R0
col,9001837,9.495133492,-73.83344711,R0
col,9001245,9.941134442,-73.97805773,R0
col,9001246,9.959232496,-73.9532722,R0
col,9001206,9.992990618,-73.96482865,R0
col,9001207,10.01128076,-73.92334298,R0
col,9001176,10.02014362,-73.96619606,R0
col,9001177,10.03220331,-73.94152199,R0
col,9001458,9.812269901,-73.85848856,R0
col,9001333,9.868125002,-73.90791667,R0
col,9001423,9.872518193,-73.75819447,R0
col,9002416,9.079293297,-73.51693716,R0
col,9002368,9.092301503,-73.50337256,R0
col,9002268,9.18395718,-73.68701477,R0
col,9002231,9.194773117,-73.68560595,R0
col,9002187,9.233164236,-73.69863569,R0
col,9001957,9.386476296,-73.9021786,R0
col,9002022,9.350737672,-73.87405249,R0
col,9001958,9.390705471,-73.77417587,R0
col,9001835,9.454049293,-73.76372144,R0
col,9002359,9.114166669,-73.84083334,R0
col,9002358,9.144048014,-73.87177791,R0
col,9002284,9.178668427,-73.81271789,R0
col,9002285,9.193071648,-73.76601712,R0
col,9002198,9.21659518,-73.70944036,R0
col,9001961,9.398805612,-73.49114653,R0
col,9001928,9.414035195,-73.62235791,R0
col,9001804,9.502402335,-73.60247286,R0
col,9002114,9.302482955,-73.58123805,R0
col,9002013,9.347452011,-73.59320104,R0
col,9001962,9.365676962,-73.3566021,R0
col,9001998,9.353945272,-73.65379172,R0
col,9001997,9.370041733,-73.67473167,R0
col,9001924,9.401295083,-73.67370493,R0
col,9001926,9.407475294,-73.70291757,R0
col,9001915,9.450644824,-73.65834439,R0
col,9002119,9.270833336,-73.67291667,R0
col,9002113,9.305596204,-73.6752225,R0
col,9001890,9.437723978,-73.74551516,R0
col,9001791,9.523641698,-73.7512425,R0
col,9001831,9.478959298,-73.75678052,R0
col,9001774,9.527542481,-73.6098475,R0
col,9001789,9.515045842,-73.65216716,R0
col,9002324,9.188215994,-73.59216302,R0
col,9002205,9.228311662,-73.56168126,R0
col,9002136,9.266549867,-73.59023807,R0
col,9002137,9.268866985,-73.63753068,R0
col,9002126,9.314988974,-73.37350623,R0
col,9002152,9.25558057,-73.67710346,R0
col,9001223,10.02698767,-74.01042218,R0
col,9000856,10.28676665,-73.91831579,R0
col,9000855,10.34006993,-73.93817813,R0
col,9001065,10.11900038,-73.98652797,R0
col,9001064,10.14848568,-74.0227521,R0
col,9000913,10.2059672,-73.98794571,R0
col,9000911,10.23286942,-74.01166081,R0
col,9001395,9.810621964,-73.63904821,R0
col,9001504,9.726838836,-73.63904335,R0
col,9001697,9.638794251,-73.69287879,R0
col,9001696,9.60996706,-73.76020045,R0
col,9001618,9.680123316,-73.80190231,R0
col,9001619,9.699136043,-73.74488272,R0
col,9001494,9.732142311,-73.83060467,R0
col,9001424,9.817356399,-73.72124164,R0
col,9001742,9.563864655,-73.75614725,R0
col,9001741,9.567652403,-73.77485297,R0
col,9001769,9.532291669,-73.64187501,R0
col,9003615,8.220949619,-73.73977762,R0
col,9003541,8.263750002,-73.75875001,R0
col,9003393,8.377334875,-73.72396518,R0
col,9003368,8.394966873,-73.66924962,R0
col,9003378,8.398820694,-73.74938854,R0
col,9003316,8.437072369,-73.74847946,R0
col,9003269,8.448503766,-73.74500522,R0
col,9003284,8.439692507,-73.727052,R0
col,9003215,8.517369947,-73.71078587,R0
col,9003204,8.641172604,-73.52821259,R0
col,9002863,8.745912574,-73.54661752,R0
col,9003270,8.465791634,-73.69808782,R0
col,9002995,8.653547457,-73.72809672,R0
col,9002953,8.676294518,-73.81285155,R0
col,9002868,8.73657041,-73.80479358,R0
col,9002933,8.705730263,-73.80734682,R0
col,9002871,8.73396492,-73.80093553,R0
col,9002872,8.734003071,-73.78753648,R0
col,9002870,8.729791669,-73.77062501,R0
col,9002767,8.86856371,-73.66585723,R0
col,9002614,8.963943737,-73.66783884,R0
col,9002965,8.712756581,-73.62315728,R0
col,9002834,8.792767976,-73.57643714,R0
col,9003780,8.1206829,-73.54139593,R0
col,9003732,8.175160449,-73.55780043,R0
col,9000788,10.34802236,-73.11091681,R0
col,9000746,10.3832737,-73.18122335,R0
col,9001396,9.849042386,-73.59827827,R0
col,9001467,9.769467494,-73.61442566,R0
col,9004300,7.811105446,-73.66307284,R0
col,9004303,7.803450206,-73.6183293,R0
col,9004378,7.777490151,-73.6112361,R0
col,9004326,7.792108405,-73.53871491,R0
col,9004311,7.799552387,-73.49141353,R0
col,9004310,7.814289853,-73.48837298,R0
col,9004449,7.75759706,-73.48791601,R0
col,9004437,7.780412887,-73.36935073,R0
col,9000999,10.14965781,-73.38222166,R0
col,9001055,10.11870026,-73.31167288,R0
col,9000828,10.30001412,-73.25319663,R0
col,9001022,10.18601536,-73.19639834,R0
col,9001032,10.11495571,-73.23971518,R0
col,9004281,7.845960153,-73.68198469,R0
col,9004092,7.923333336,-73.67166667,R0
col,9004016,7.968750003,-73.72291667,R0
col,9004282,7.821013322,-73.67045548,R0
col,9004286,7.839348298,-73.71569457,R0
col,9003926,8.02094578,-73.55440968,R0
col,9003882,8.050142933,-73.57458209,R0
col,9004318,7.797460904,-73.58000001,R0
col,9004302,7.809414139,-73.55151716,R0
col,9004160,7.926205836,-73.53190122,R0
col,9004464,7.767840422,-73.70393323,R0
col,9004093,7.940033257,-73.64322831,R0
col,9002766,8.917904198,-73.86954486,R0
col,9002574,9.003557951,-73.82221022,R0
col,9002650,8.924065544,-73.75533055,R0
col,9002854,8.778489409,-73.79240922,R0
col,9002785,8.812514808,-73.78222915,R0
col,9002869,8.753024694,-73.7168296,R0
col,9002891,8.721288574,-75.80391722,R0
col,9003196,8.504636988,-76.02056822,R0
col,9002970,8.663541669,-76.03020834,R0
col,9002952,8.700210604,-76.0101003,R0
col,9002898,8.710416669,-75.96875001,R0
col,9003034,8.638668371,-76.03504701,R0
col,9003087,8.593341507,-76.03742448,R0
col,9003106,8.569198991,-76.0451277,R0
col,9003142,8.572264907,-76.11270736,R0
col,9003172,8.543144023,-76.03845282,R0
col,9002836,8.76665658,-75.92819818,R0
col,9002837,8.805450557,-75.88433237,R0
col,9002760,8.847214761,-75.93667724,R0
col,9002897,8.758740408,-75.98644777,R0
col,9002899,8.736427838,-75.94107477,R0
col,9003411,8.355057506,-75.74803273,R0
col,9003405,8.361602365,-75.76875719,R0
col,9003394,8.370927886,-75.78105604,R0
col,9003382,8.377643468,-75.79685133,R0
col,9003395,8.380394614,-75.75366853,R0
col,9003383,8.403656145,-75.77745526,R0
col,9003568,8.30982917,-75.78542765,R0
col,9003299,8.432205513,-76.02708367,R0
col,9003335,8.451045176,-75.97715874,R0
col,9003283,8.4742709,-76.02335069,R0
col,9003202,8.494698805,-75.99492135,R0
col,9003343,8.400534728,-75.92688952,R0
col,9003336,8.405853909,-75.912351,R0
col,9003330,8.427752278,-75.90941349,R0
col,9003373,8.392438001,-75.86484901,R0
col,9003337,8.459997123,-75.85798571,R0
col,9003379,8.3799128,-75.81394225,R0
col,9003421,8.373147036,-75.89929344,R0
col,9003509,8.33291773,-75.81991798,R0
col,9003436,8.347560358,-76.07471009,R0
col,9003466,8.362855224,-75.96732799,R0
col,9003403,8.363241899,-76.07418907,R0
col,9003401,8.390352499,-76.03488105,R0
col,9003014,8.663434587,-75.96777019,R0
col,9003496,8.305850579,-74.94221071,R0
col,9003559,8.283146979,-74.95673757,R0
col,9003631,8.317597939,-75.22172413,R0
col,9003342,8.450616897,-75.07313559,R0
col,9003396,8.379767141,-75.10823995,R0
col,9003459,8.348230545,-75.06204848,R0
col,9003448,8.344174162,-75.11579113,R0
col,9003512,8.312707571,-75.09059103,R0
col,9003460,8.327766132,-74.9936371,R0
col,9003477,8.312916669,-75.00541667,R0
col,9003766,8.224236886,-75.14422514,R0
col,9003690,8.22873844,-75.02662946,R0
col,9003649,8.237532063,-75.08034283,R0
col,9003740,8.173298784,-75.31498196,R0
col,9003630,8.21068373,-75.32201067,R0
col,9003800,8.10986476,-75.32557536,R0
col,9003724,8.181956204,-75.41441409,R0
col,9003620,8.22781578,-75.36679189,R0
col,9003684,8.220808542,-75.58219607,R0
col,9002991,8.709589141,-76.22144933,R0
col,9002840,8.77040473,-76.25479623,R0
col,9002811,8.789683635,-76.24930272,R0
col,9002809,8.793421592,-76.24267968,R0
col,9002436,9.109254241,-75.68474616,R0
col,9002291,9.159270716,-75.6653649,R0
col,9002242,9.186776525,-75.64522412,R0
col,9002498,9.021270465,-75.66465178,R0
col,9002527,9.005443593,-75.30713108,R0
col,9002528,8.986754509,-75.28206727,R0
col,9002618,8.938259572,-75.27653873,R0
col,9002617,8.955737635,-75.26907979,R0
col,9002686,8.901627896,-75.24383585,R0
col,9002459,9.050094152,-75.36102307,R0
col,9002506,9.000759716,-75.55822862,R0
col,9002582,8.967881069,-75.55509365,R0
col,9002547,8.980787775,-75.63468421,R0
col,9002513,8.994588925,-75.65403801,R0
col,9002511,8.996535709,-75.61364871,R0
col,9002773,8.844232961,-75.6711121,R0
col,9002826,8.883920201,-75.55858281,R0
col,9002659,8.931901656,-75.63511374,R0
col,9002698,8.940719875,-75.68766026,R0
col,9003802,8.088102916,-75.34464085,R0
col,9003763,8.128713138,-75.31337942,R0
col,9003948,8.021197297,-75.38659662,R0
col,9003881,8.035822215,-75.36537963,R0
col,9003876,8.059499821,-75.3470233,R0
col,9002192,9.219292479,-75.78304027,R0
col,9002377,9.130131533,-75.77652553,R0
col,9002219,9.210273782,-75.74872036,R0
col,9002237,9.185833336,-75.70416667,R0
col,9002204,9.212500002,-75.85583334,R0
col,9002217,9.197083336,-75.84000001,R0
col,9002188,9.230144693,-75.8202998,R0
col,9002218,9.201734734,-75.8121413,R0
col,9002391,9.134415377,-75.84877635,R0
col,9002398,9.074152912,-75.88626099,R0
col,9002200,9.235109996,-75.92324243,R0
col,9002181,9.251496581,-75.88974989,R0
col,9002104,9.275625003,-75.91354167,R0
col,9002098,9.278848763,-75.91107177,R0
col,9002093,9.298645166,-75.91598878,R0
col,9002357,9.093203207,-76.13803055,R0
col,9002742,8.855871819,-76.2055378,R0
col,9002801,8.836564152,-76.25537813,R0
col,9002815,8.837070265,-76.3575012,R0
col,9004976,7.465350652,-76.00124563,R0
col,9005123,7.425517198,-75.98141275,R0
col,9003997,7.978694363,-75.4698946,R0
col,9003998,7.985622581,-75.42958666,R0
col,9004053,7.958387725,-75.48455699,R0
col,9004919,7.570423817,-75.92821932,R0
col,9004412,7.797152721,-75.87794318,R0
col,9004173,7.902085625,-75.88812154,R0
col,9004167,7.925652224,-75.81793678,R0
col,9003999,7.983257524,-75.75933244,R0
col,9003994,7.984489859,-75.79891407,R0
col,9003930,8.025971927,-75.77032513,R0
col,9004056,7.95297256,-75.51425123,R0
col,9004028,7.967500003,-75.52833334,R0
col,9003986,7.995688783,-75.56262861,R0
col,9004580,7.765126004,-75.84764929,R0
col,9004073,7.965295666,-75.39193276,R0
col,9003919,8.059706042,-75.61203743,R0
col,9003408,8.360901633,-75.37838217,R0
col,9003476,8.324352336,-75.41829284,R0
col,9003532,8.285948842,-75.52242921,R0
col,9003528,8.299465463,-75.59098932,R0
col,9003458,8.352479728,-75.49765624,R0
col,9003374,8.418294302,-75.58122869,R0
col,9003375,8.453425616,-75.55792058,R0
col,9003624,8.287359761,-75.72717815,R0
col,9003339,8.403006831,-75.27666507,R0
col,9003340,8.404092168,-75.26767384,R0
col,9003331,8.428280515,-75.24201155,R0
col,9003246,8.479038285,-75.3550779,R0
col,9003409,8.378151184,-75.32068213,R0
col,9003442,8.365788349,-75.28368658,R0
col,9002356,9.102732966,-76.17178374,R0
col,9002696,8.89820463,-76.24175692,R0
col,9002643,8.918939366,-76.23264245,R0
col,9002624,8.955732575,-76.24848415,R0
col,9002538,8.982415509,-76.23973621,R0
col,9002515,8.993359401,-76.2592296,R0
col,9002178,9.225208335,-75.77479167,R0
col,9002179,9.225123046,-75.72922377,R0
col,9003126,8.58524657,-75.34793201,R0
col,9002981,8.650416669,-75.36395834,R0
col,9002982,8.653306769,-75.36189716,R0
col,9002874,8.734215499,-75.3346024,R0
col,9002858,8.770523813,-75.36010369,R0
col,9002690,8.905671318,-75.30352507,R0
col,9002452,9.079324607,-75.54955679,R0
col,9002072,9.316869948,-75.9693535,R0
col,9002048,9.381908671,-75.91983326,R0
col,9002831,8.817076062,-75.73807846,R0
col,9003013,8.677134579,-75.76673382,R0
col,9002916,8.73952794,-75.72503903,R0
col,9002864,8.750250251,-75.77588117,R0
col,9004521,7.70577155,-75.57842783,R0
col,9004469,7.812379872,-75.55114596,R0
col,9004284,7.86603817,-75.58609004,R0
col,9004233,7.895484403,-75.49640975,R0
col,9004533,7.709548174,-75.61098862,R0
col,9002722,8.954393019,-75.85759176,R0
col,9002482,9.055709082,-76.10621291,R0
col,9003723,8.203348732,-76.08004785,R0
col,9003747,8.14661236,-76.1963745,R0
col,9003544,8.284034066,-76.15243694,R0
col,9003542,8.296941235,-76.07206066,R0
col,9003601,8.239083853,-76.11052526,R0
col,9003880,8.042379763,-76.33184232,R0
col,9011651,4.397074165,-74.70852531,R0
col,9011135,4.587845065,-74.55452447,R0
col,9011829,4.24627207,-74.53059573,R0
col,9010891,4.669735345,-74.8034123,R0
col,9010590,4.737050178,-74.80932553,R0
col,9010351,4.838350155,-74.72475412,R0
col,9010273,4.93788536,-74.51419657,R0
col,9012534,3.969288592,-74.42414924,R0
col,9012656,3.938026642,-74.49133951,R0
col,9012866,3.902792391,-74.37001766,R0
col,9010767,4.717138635,-74.50654232,R0
col,9010225,4.914330394,-74.00734943,R0
col,9008684,5.551520244,-74.47785209,R0
col,9008775,5.529798872,-74.50332684,R2
col,9008960,5.492989543,-74.57342036,R0
col,9009521,5.193477808,-74.54288106,R0
col,9009482,5.230782041,-74.5002299,R0
col,9009362,5.296022277,-74.49232581,R0
col,9009497,5.322573167,-74.56597862,R0
col,9011439,4.417837606,-73.97482764,R0
col,9010346,4.833135114,-74.05957936,R2
col,9010345,4.856425582,-74.03800166,R0
col,9011164,4.59622135,-73.89614583,R2
col,9009731,5.164756821,-73.6567756,R2
col,9009924,5.064804998,-73.7196296,R0
col,9009837,5.105995004,-73.95443351,R0
col,9010484,4.802622897,-74.14069179,R0
col,9010485,4.80544448,-74.09269669,R0
col,9011163,4.579702059,-74.41175978,R0
col,9009365,5.266246894,-74.33891458,R0
col,9009291,5.284485385,-74.33163562,R0
col,9009290,5.315685297,-74.35130907,R0
col,9010635,4.844744385,-74.22022755,R0
col,9011210,4.496227658,-73.90737844,R5
col,9011180,4.50120921,-73.87167141,R2
col,9011307,4.445311343,-73.89023519,R2
col,9011440,4.422900146,-73.90367884,R5
col,9011640,4.33358143,-73.91155651,R2
col,9009063,5.429033321,-73.75306155,R0
col,9011798,4.256781407,-74.54351957,R0
col,9011804,4.266695003,-74.48448713,R0
col,9011755,4.281228696,-74.40485047,R2
col,9011709,4.311265803,-74.36163681,R0
col,9011472,4.395021816,-74.3532636,R2
col,9010463,4.791389832,-73.3870145,R2
col,9010526,4.782848374,-73.33410516,R2
col,9010638,4.723053086,-73.48792883,R0
col,9010684,4.706955661,-73.51109803,R5
col,9010849,4.634293515,-73.58574403,R50
col,9010847,4.636739442,-73.60888914,R0
col,9010062,5.007422335,-73.88953734,R0
col,9010373,4.831986476,-73.64812581,R0
col,9010334,4.851083475,-73.66593091,R0
col,9010333,4.85682383,-73.65033608,R2
col,9010454,4.798783747,-73.62079156,R0
col,9010455,4.811825635,-73.58843526,R25
col,9010817,4.682308033,-73.5621115,R0
col,9011652,4.312062003,-74.76469654,R2
col,9011767,4.278760288,-74.84569739,R0
col,9008997,5.439409667,-73.73152226,R10
col,9009213,5.341424193,-73.74786738,R2
col,9009229,5.34425698,-73.77018842,R0
col,9009661,5.192975549,-74.69825798,R0
col,9010052,5.005865309,-74.72728311,R0
col,9009479,5.204654826,-74.73399408,R0
col,9009805,5.132897406,-74.59853293,R0
col,9009269,5.347921797,-74.70378504,R0
col,9010294,4.881280301,-73.88767431,R0
col,9010251,4.886416481,-73.86115019,R0
col,9011017,4.588999598,-74.80586715,R0
col,9011914,4.217299061,-73.88249236,R0
col,9011915,4.271691847,-73.8386551,R0
col,9011988,4.19111439,-73.99254439,R0
col,9011900,4.232842778,-73.98292284,R2
col,9012202,4.130483924,-74.07643263,R2
col,9011994,4.183814731,-74.07705451,R0
col,9010826,4.647664322,-74.62251959,R0
col,9011010,4.600713743,-74.67735679,R0
col,9011101,4.549322106,-74.7515806,R0
col,9011018,4.563590566,-74.69959883,R0
col,9010409,4.82069946,-73.66908294,R0
col,9010846,4.651450868,-73.64991798,R0
col,9010474,4.791168003,-73.69669191,R0
col,9010416,4.805946059,-73.71160285,R0
col,9010968,4.601838575,-73.67839813,R0
col,9010768,4.666911725,-74.46812316,R0
col,9009369,5.25531437,-74.47867884,R0
col,9009627,5.205528893,-74.37046147,R0
col,9009696,5.126515137,-74.41837701,R0
col,9010090,4.998340233,-74.32005445,R0
col,9009950,5.01908927,-74.3631231,R0
col,9009342,5.28725491,-73.70188489,R2
col,9009186,5.327916671,-73.69604167,R2
col,9009941,5.056557954,-73.59820967,R0
col,9010634,4.769275906,-74.31627483,R0
col,9010027,4.995388338,-73.53176541,R0
col,9009959,5.044758021,-73.52828134,R2
col,9011175,4.547335739,-73.32872886,R2
col,9011355,4.428571082,-73.32571962,R0
col,9011357,4.425396159,-73.30999151,R2
col,9011377,4.420671386,-73.30580766,R2
col,9011358,4.462589522,-73.28273943,R0
col,9011169,4.534845387,-73.25522,R0
col,9011286,4.454858287,-73.47734864,R10
col,9011274,4.473218874,-73.47188235,R25
col,9011414,4.421013531,-73.38614918,R5
col,9011351,4.473737647,-73.35578524,R2
col,9011668,4.319297318,-73.42620344,R2
col,9011692,4.298281333,-73.45327849,R2
col,9011739,4.30968272,-73.51310778,R0
col,9010836,4.676759284,-74.25686737,R0
col,9010837,4.635416671,-74.23875001,R0
col,9010831,4.63648415,-74.22790155,R0
col,9010827,4.686199797,-74.18452341,R0
col,9009838,5.080131737,-73.88902453,R0
col,9011932,4.233707976,-74.64349383,R0
col,9011819,4.282523409,-74.67149105,R0
col,9009802,5.09711521,-74.45018456,R0
col,9009906,5.055695686,-74.4037861,R0
col,9012204,4.099016459,-74.46434417,R0
col,9012486,4.043209135,-74.50543861,R0
col,9009621,5.16139495,-74.17126485,R0
col,9009611,5.164112874,-74.16409268,R0
col,9009558,5.214594465,-74.26252526,R0
col,9009042,5.432615952,-74.16516934,R10
col,9009079,5.385967642,-74.16124303,R5
col,9009102,5.370125288,-74.15844218,R5
col,9009163,5.370461878,-74.18598695,R0
col,9011901,4.302925898,-73.17471339,R0
col,9010889,4.636446737,-73.12532494,R0
col,9008289,5.751691847,-74.65887023,R0
col,9008309,5.718479986,-74.64584409,R0
col,9008645,5.657136066,-74.4993625,R0
col,9008990,5.420220647,-74.59732139,R2
col,9008343,5.69729167,-74.62312501,R100
col,9008750,5.604408503,-74.63976216,R0
col,9008784,5.516403408,-74.66716428,R0
col,9010825,4.71141876,-74.64596025,R0
col,9011605,4.364602808,-73.89226042,R2
col,9011280,4.485575917,-74.6039637,R0
col,9011162,4.509785399,-74.57489318,R0
col,9011822,4.244662814,-74.73986034,R0
col,9011821,4.258659615,-74.76150669,R0
col,9011716,4.30267349,-74.78543106,R0
col,9012129,4.181994511,-74.41515753,R0
col,9009262,5.339561606,-74.11597379,R2
col,9010110,4.963546291,-74.74297649,R0
col,9010134,4.948389359,-74.68630481,R0
col,9010186,4.978917284,-73.83525125,R0
col,9011103,4.534585091,-74.25879944,R5
col,9011432,4.435575742,-74.37802242,R0
col,9008894,5.495125284,-73.82258663,R0
col,9011057,4.576973372,-74.25153702,R0
col,9010884,4.625233398,-74.2451468,R0
col,9010885,4.617518074,-74.24471286,R2
col,9010652,4.828577665,-73.96291518,R0
col,9009832,5.096839116,-73.77137204,R0
col,9008859,5.482115522,-73.76433067,R0
col,9008869,5.480115252,-73.75763844,R0
col,9010224,4.947781977,-74.06063875,R0
col,9011782,4.320434094,-74.45817464,R0
col,9009788,5.09107944,-73.54581914,R2
col,9011293,4.451050954,-74.59666435,R0
col,9010120,4.975646922,-73.98833685,R0
col,9010462,4.795272063,-73.41021584,R5
col,9010413,4.819183363,-73.36969052,R5
col,9010536,4.752193505,-73.319981,R2
col,9010637,4.715416671,-73.52000001,R0
col,9010582,4.756768177,-73.48236172,R5
col,9010583,4.751379838,-73.43106422,R0
col,9010636,4.745525475,-73.56495152,R0
col,9011230,4.481587736,-73.94266736,R2
col,9011283,4.469086902,-73.90454558,R5
col,9009377,5.277468306,-73.81528137,R0
col,9009238,5.309926302,-73.84369126,R0
col,9009501,5.197435853,-74.47768177,R0
col,9009500,5.199667836,-74.49255025,R0
col,9009688,5.15227601,-74.46804566,R0
col,9009552,5.18277855,-74.48410192,R0
col,9009516,5.192803305,-74.47926777,R0
col,9009811,5.117821815,-74.32061024,R0
col,9009999,5.029081865,-74.46271701,R0
col,9010036,4.986443399,-74.48207314,R0
col,9011316,4.449224976,-74.52635008,R0
col,9011268,4.476069089,-74.51126838,R0
col,9011270,4.48153656,-74.54271078,R0
col,9009036,5.422150284,-74.21991345,R0
col,9008221,5.76013552,-74.47803344,R0
col,9008333,5.728801041,-74.44919489,R2
col,9008173,5.778592422,-74.38380677,R0
col,9008620,5.725295951,-74.31760543,R0
col,9008711,5.550412633,-74.33861359,R0
col,9008806,5.534288964,-74.36020598,R0
col,9008682,5.549654225,-74.524754,R2
col,9009993,5.030959442,-73.95109045,R0
col,9015183,2.979564568,-75.1186287,R0
col,9015204,2.920596611,-75.28409392,R2
col,9015203,2.927096336,-75.2994638,R0
col,9015284,2.901588197,-75.29061953,R0
col,9015356,2.865939663,-75.27805527,R0
col,9015505,2.904208336,-75.17640189,R0
col,9014734,3.160360776,-75.46133348,R0
col,9014392,3.244850064,-75.45411307,R0
col,9015168,2.99133832,-75.28293276,R0
col,9018725,1.740644759,-75.96211196,R0
col,9017057,2.262135441,-75.64741261,R0
col,9016886,2.312594397,-75.64712244,R0
col,9017021,2.289001841,-75.64531283,R0
col,9016968,2.298686872,-75.66302491,R0
col,9017296,2.18253284,-75.66579532,R0
col,9017116,2.24718565,-75.73380042,R0
col,9017341,2.167011569,-75.70310656,R0
col,9014638,3.137537832,-75.26582565,R100
col,9014991,3.098584094,-75.33435939,R0
col,9014347,3.252546561,-75.22572094,R0
col,9014356,3.262660448,-75.32100274,R0
col,9014018,3.402312695,-75.30871389,R0
col,9014068,3.392170634,-75.22486585,R2
col,9014311,3.274422696,-75.24920531,R0
col,9016302,2.568563192,-75.27447149,R0
col,9016589,2.481216375,-75.36959527,R0
col,9017664,2.103453304,-75.7957131,R0
col,9017549,2.131320185,-75.68442172,R0
col,9014924,3.081135523,-75.11105059,R0
col,9014693,3.137436815,-75.1306039,R10
col,9014890,3.140211269,-74.87518654,R0
col,9015928,2.694713192,-75.33622868,R0
col,9015983,2.712505767,-75.36957421,R0
col,9015823,2.734000973,-75.33332104,R0
col,9016291,2.621561542,-75.35714497,R0
col,9013937,3.427232809,-74.73060986,R0
col,9013995,3.417088924,-74.79846566,R0
col,9014239,3.343723328,-74.77907933,R0
col,9014254,3.29206101,-74.74490043,R0
col,9014271,3.289091903,-74.7129998,R0
col,9014544,3.201818177,-74.8313093,R0
col,9013542,3.652605872,-74.62927928,R0
col,9013541,3.670676782,-74.65678861,R0
col,9013866,3.502929054,-74.76195868,R0
col,9014399,3.255726779,-74.89250448,R0
col,9017698,2.041295235,-75.94447005,R0
col,9017053,2.294509994,-75.58438089,R0
col,9017240,2.209088151,-75.66538693,R0
col,9017206,2.207220596,-75.64044882,R0
col,9017378,2.172934581,-75.63805782,R0
col,9017207,2.223853972,-75.58951062,R0
col,9017138,2.24042527,-75.6486483,R0
col,9016495,2.521513819,-75.53252742,R0
col,9016885,2.346721278,-75.61115165,R0
col,9016660,2.38961768,-75.53944703,R0
col,9016657,2.422270136,-75.57195777,R0
col,9017599,2.076949563,-75.69513034,R0
col,9017689,2.059845176,-75.72880026,R0
col,9017889,1.984548239,-75.73569178,R0
col,9015797,2.764456249,-75.78390677,R0
col,9015798,2.779430208,-75.73458064,R0
col,9016167,2.587364311,-75.64387632,R0
col,9016128,2.617793592,-75.61687062,R0
col,9016040,2.672828756,-75.61128554,R0
col,9017795,2.025991797,-76.19998124,R0
col,9018085,1.897137923,-76.25797551,R0
col,9018102,1.869352262,-76.2054246,R0
col,9018103,1.867589713,-76.18094538,R0
col,9018124,1.860280008,-76.22034221,R0
col,9017314,2.178455508,-76.02756567,R0
col,9016565,2.478950054,-75.92648846,R0
col,9017127,2.267115208,-76.13505277,R0
col,9017377,2.178631701,-76.13282623,R0
col,9017248,2.221937843,-75.98703791,R0
col,9017041,2.273028112,-75.97092426,R0
col,9016985,2.287171524,-76.00114812,R0
col,9016967,2.303843216,-75.95274684,R0
col,9016875,2.333373468,-75.98783409,R0
col,9016870,2.378007525,-75.90247704,R0
col,9016476,2.476733003,-75.79765586,R0
col,9017785,2.014920145,-75.9865917,R0
col,9017697,2.036173121,-75.97824063,R0
col,9017784,2.014263124,-76.04074471,R0
col,9016569,2.428183985,-75.67820271,R0
col,9016518,2.457047403,-75.79273038,R0
col,9015218,2.96073157,-75.39501648,R0
col,9014995,3.02589175,-75.40796879,R0
col,9015466,2.874278737,-75.47819061,R0
col,9015320,2.878310689,-75.29598781,R0
col,9015299,2.881083198,-75.28994248,R0
col,9015841,2.742420165,-75.39081496,R0
col,9018571,1.771580656,-76.08496307,R0
col,9017345,2.179101339,-75.75834108,R0
col,9017861,1.98043184,-76.09164568,R0
col,9018376,1.778882023,-76.18070895,R0
col,9018340,1.786568571,-76.15859946,R0
col,9018331,1.835582859,-76.13172275,R0
col,9018140,1.862994389,-76.04296859,R0
col,9018086,1.872591366,-76.15310209,R0
col,9018139,1.87291427,-76.09648328,R0
col,9018066,1.913480223,-76.13936936,R0
col,9017908,1.948468597,-76.07477455,R0
col,9017907,1.953550507,-76.1294851,R0
col,9015670,2.768255049,-75.33026526,R0
col,9015592,2.829663275,-75.31114771,R0
col,9017862,1.977971452,-76.02412884,R0
col,9017789,2.098835639,-76.21855051,R0
col,9018373,1.817643943,-76.29414575,R0
col,9018203,1.858961604,-76.31770107,R0
col,9018017,1.906162449,-76.37247129,R0
col,9018010,1.908264171,-76.40684151,R0
col,9017991,1.911616122,-76.37901651,R0
col,9017987,1.923851322,-76.32700826,R0
col,9017990,1.928714053,-76.39340685,R0
col,9017929,2.028117121,-76.31899064,R0
col,9017880,1.999577529,-76.4991824,R0
col,9017884,1.951791039,-76.48602353,R0
col,9017881,1.963871305,-76.44499296,R0
col,9017882,1.952921578,-76.44476311,R0
col,9018026,1.913324982,-76.44114408,R0
col,9017950,1.937803436,-76.42768884,R0
col,9018087,1.869940022,-76.24547511,R0
col,9015224,2.9440103,-75.51529876,R0
col,9015163,2.9486401,-75.64695954,R0
col,9015202,2.930167074,-75.62607514,R0
col,9018146,1.852860536,-75.84284137,R0
col,9018120,1.944922748,-75.79588939,R0
col,9017684,2.040569106,-75.88802107,R0
col,9017677,2.053414432,-75.92410852,R0
col,9016570,2.440635718,-75.61481967,R0
col,9016557,2.448075954,-75.66773915,R0
col,9016523,2.454850094,-75.73173906,R0
col,9016494,2.469683503,-75.68928408,R0
col,9016256,2.567269624,-75.66335328,R0
col,9014914,3.087110147,-75.25680421,R0
col,9016017,2.68897183,-75.56146824,R0
col,9017872,1.999327172,-75.90615793,R0
col,9014637,3.158347708,-75.26958953,R0
col,9014503,3.190919471,-75.24930408,R0
col,9014486,3.208790302,-75.13892028,R10
col,9014276,3.322769284,-75.22218768,R0
col,9014220,3.324220015,-75.19206505,R0
col,9014126,3.363933756,-75.18808599,R0
col,9014572,3.175506274,-75.2126527,R5
col,9014339,3.267467958,-75.22966071,R0
col,9014248,3.357540301,-75.10549697,R0
col,9014448,3.223939326,-75.22694533,R0
col,9016148,2.646133804,-75.45329604,R0
col,9016018,2.673938531,-75.48945757,R0
col,9016063,2.631084771,-75.57121432,R0
col,9000195,11.13011467,-72.57004788,R0
col,9000182,11.16138602,-72.57603668,R0
col,9000179,11.1658357,-72.55692427,R0
col,9000175,11.20592036,-72.53685081,R0
col,9000141,11.30626209,-72.56403482,R0
col,9000145,11.246875,-72.53104167,R0
col,9000207,11.11579181,-72.61815627,R0
col,9000249,11.04599513,-72.66103442,R0
col,9000209,11.0836217,-72.66244686,R0
col,9000205,11.089375,-72.65854167,R0
col,9000263,11.02028621,-72.72965577,R0
col,9000295,10.95236029,-72.74209988,R0
col,9000283,10.95453211,-72.7794225,R0
col,9000271,10.9840824,-72.7643947,R0
col,9000264,10.99186206,-72.76042775,R0
col,9000304,10.92753605,-72.80264791,R0
col,9000322,10.91267978,-72.79448268,R0
col,9000204,11.09207259,-73.61911687,R0
col,9000156,11.23475621,-73.52883172,R0
col,9000305,11.01575621,-73.64621028,R0
col,9000200,11.1924154,-73.28828448,R0
col,9000284,11.02152653,-73.47359276,R0
col,9000270,11.04276283,-73.4432964,R0
col,9000199,11.18091958,-73.47399165,R0
col,9000176,11.21339667,-73.40774163,R0
col,9000172,11.22142169,-73.16651254,R0
col,9000140,11.26173717,-73.16575628,R0
col,9000139,11.27912844,-73.19593339,R0
col,9000397,10.81224656,-72.9134496,R0
col,9000301,10.92747707,-72.93344584,R0
col,9000494,10.67347513,-72.95797734,R0
col,9000316,10.90821432,-72.87241125,R0
col,9000343,10.85769329,-72.84914052,R0
col,9000339,10.88535281,-72.82200651,R0
col,9000387,10.81637783,-72.83227602,R0
col,9000452,10.76857879,-72.85316613,R0
col,9000227,11.06539276,-72.68862571,R0
col,9000226,11.05602975,-72.73647528,R0
col,9000724,10.41391422,-73.10498309,R0
col,9000637,10.49997339,-73.06558831,R0
col,9000658,10.4662457,-73.16269517,R0
col,9000078,11.5537283,-72.0352543,R0
col,9000079,11.56267849,-72.02247269,R0
col,9000108,11.42851696,-72.11000959,R0
col,9000089,11.52461361,-72.15030882,R0
col,9000081,11.55236323,-72.07538165,R0
col,9000075,11.56995748,-72.05019999,R0
col,9000072,11.581875,-72.05196261,R0
col,9000071,11.59153059,-72.08071899,R0
col,9000142,11.38346632,-72.23918895,R0
col,9000109,11.45176691,-72.25362625,R0
col,9000090,11.49609828,-72.2453388,R0
col,9000088,11.51026781,-72.21053949,R0
col,9000087,11.52063047,-72.22555946,R0
col,9000128,11.42943006,-72.52416843,R0
col,9000126,11.33669291,-72.60817066,R0
col,9000106,11.49193742,-72.49397851,R0
col,9000056,11.75123298,-72.45291186,R0
col,9000084,11.63348245,-72.44174502,R0
col,9000068,11.686953,-72.41562893,R0
col,9000073,11.60572239,-72.76586746,R0
col,9000074,11.64561399,-72.59132217,R0
col,9000065,11.70287395,-72.65972236,R0
col,9000094,11.49744256,-72.76753704,R0
col,9000086,11.52027101,-72.84084921,R0
col,9000469,10.67799668,-73.02293794,R0
col,9000432,10.70985483,-73.0315247,R0
col,9000489,10.71588046,-73.09949542,R0
col,9000433,10.78171497,-73.03899469,R0
col,9000347,10.87494029,-73.109641,R0
col,9000346,10.85593776,-73.10559956,R0
col,9000312,10.95730452,-73.0945599,R0
col,9000650,10.4938719,-73.14874135,R0
col,9000613,10.53330004,-73.1140306,R0
col,9000573,10.59487622,-72.96609644,R0
col,9000535,10.61050128,-73.07600004,R0
col,9000487,10.64721513,-73.0472963,R0
col,9000556,10.57368857,-73.09057882,R0
col,9000559,10.55849824,-73.08352726,R0
col,9001133,10.1433897,-74.10517259,R0
col,9000868,10.25057107,-74.08653784,R0
col,9000859,10.27746163,-74.12422364,R0
col,9001290,9.922002055,-74.0267902,R0
col,9001243,9.946742049,-74.01155682,R0
col,9001239,9.951324121,-74.063626,R0
col,9001222,9.961550599,-74.01892148,R0
col,9001219,9.971409565,-74.03542977,R0
col,9001215,9.977140203,-74.09352223,R0
col,9001336,9.892777142,-73.93748681,R0
col,9001456,9.759662912,-73.93457389,R0
col,9001457,9.760755807,-73.84413204,R0
col,9001417,9.798151705,-73.86863756,R0
col,9000821,10.29645833,-74.85645834,R0
col,9000819,10.296875,-74.85895834,R0
col,9000817,10.31098757,-74.8714836,R0
col,9001171,10.07166834,-74.45568068,R0
col,9000412,10.75861258,-73.93328043,R0
col,9000413,10.77185882,-73.8803123,R0
col,9000508,10.66489728,-74.0673483,R0
col,9000336,10.92254782,-74.08692309,R0
col,9000327,10.90297426,-74.25243159,R0
col,9000297,10.92375,-74.26375001,R0
col,9000289,10.928125,-74.25854167,R0
col,9000288,10.92884058,-74.26153429,R0
col,9000239,11.04263502,-74.20026509,R0
col,9000248,11.02460193,-74.16066169,R0
col,9000975,10.21304674,-74.71210184,R0
col,9002234,9.21944464,-74.06828076,R0
col,9002255,9.171785058,-74.05045382,R0
col,9002256,9.183890349,-74.01182106,R0
col,9002405,9.072083336,-73.88291667,R0
col,9002437,9.047680336,-73.85919082,R0
col,9002440,9.04774528,-73.88129422,R0
col,9002521,9.011250256,-73.91134438,R0
col,9000688,10.45345396,-74.72594434,R0
col,9000687,10.44500767,-74.69971047,R0
col,9000690,10.45391215,-74.66969426,R0
col,9000872,10.26234869,-74.58247706,R0
col,9000820,10.3312361,-74.6069979,R0
col,9000847,10.28605419,-74.67413116,R0
col,9000546,10.57259165,-74.24243576,R0
col,9000544,10.58629696,-74.25111132,R0
col,9000506,10.63231828,-74.38581871,R0
col,9000480,10.68191364,-74.42874303,R0
col,9000557,10.56312082,-73.65756261,R0
col,9000552,10.56983169,-73.7129613,R0
col,9000700,10.4942971,-73.91346875,R0
col,9000693,10.44248229,-74.14499003,R0
col,9000675,10.48935991,-74.21058179,R0
col,9000639,10.50993995,-74.16241443,R0
col,9000590,10.55057391,-74.23708637,R0
col,9000731,10.40566032,-73.79403972,R0
col,9000727,10.4057665,-73.86073407,R0
col,9002233,9.180993233,-74.10025802,R0
col,9002292,9.14679243,-74.10585437,R0
col,9002293,9.132083336,-74.15395834,R0
col,9002207,9.211301072,-74.28367915,R0
col,9002186,9.2229468,-74.23737026,R0
col,9002305,9.125047791,-74.20068055,R0
col,9002056,9.327342378,-74.18999557,R0
col,9001525,9.700000002,-74.23333334,R0
col,9001731,9.580538706,-74.2329474,R0
col,9001518,9.725975644,-74.22653253,R0
col,9001519,9.710404966,-74.21618098,R0
col,9001632,9.650555832,-74.42375954,R0
col,9001529,9.749462128,-74.37374842,R0
col,9001530,9.717230174,-74.36960251,R0
col,9001729,9.603669027,-74.2888962,R0
col,9001595,9.650098103,-74.27973388,R0
col,9001610,9.664801427,-74.25522294,R0
col,9001524,9.727603569,-74.2528623,R0
col,9001040,10.10839598,-74.89867768,R0
col,9001039,10.13154478,-74.93806797,R0
col,9001009,10.13739782,-74.74141998,R0
col,9001129,10.08695752,-74.78632104,R0
col,9001663,9.659952087,-73.91179556,R0
col,9001662,9.620721597,-73.84529909,R0
col,9002055,9.363412945,-74.33161432,R0
col,9001858,9.481661299,-74.19567655,R0
col,9000709,10.43287018,-74.18338045,R0
col,9000615,10.51145834,-74.56854167,R0
col,9000605,10.52181631,-74.57543016,R0
col,9000616,10.53280066,-74.49717522,R0
col,9000526,10.61228316,-74.30000883,R0
col,9000481,10.64790383,-74.42511673,R0
col,9000667,10.54070626,-74.32658713,R0
col,9000692,10.51619238,-74.41797265,R0
col,9000694,10.44649482,-74.29994948,R0
col,9000777,10.4010246,-74.32737524,R0
col,9000909,10.27466354,-74.50966306,R0
col,9000809,10.33118923,-74.46552307,R0
col,9000776,10.35837786,-74.53664716,R0
col,9001418,9.788148712,-74.81137425,R0
col,9001754,9.671599459,-74.57103069,R0
col,9001631,9.629890844,-74.47536229,R0
col,9001383,9.838949973,-74.57806639,R0
col,9001332,9.871687462,-74.56871391,R0
col,9001387,9.810572945,-74.5638385,R0
col,9001199,10.0059851,-74.50339052,R0
col,9001526,9.708064594,-74.73599521,R0
col,9001539,9.717623717,-74.80247405,R0
col,9001489,9.729276661,-74.77005555,R0
col,9001466,9.742475036,-74.75760217,R0
col,9001465,9.756290956,-74.79448447,R0
col,9001850,9.543448787,-74.78666095,R0
col,9001653,9.621356448,-74.70520867,R0
col,9001602,9.680961701,-74.746839,R0
col,9001672,9.621440218,-74.7370396,R0
col,9000425,10.7828429,-74.42716276,R0
col,9000391,10.80586714,-74.46170592,R0
col,9000415,10.80662068,-74.37572075,R0
col,9000348,10.85083333,-74.42708334,R0
col,9000344,10.86825198,-74.44491167,R100
col,9000345,10.87678729,-74.40237454,R0
col,9000296,10.94852676,-74.2888024,R0
col,9000300,10.95238227,-74.32679911,R0
col,9000266,10.9875,-74.29250001,R0
col,9000313,10.91125,-74.36791667,R0
col,9000351,10.88412815,-74.35792338,R0
col,9000606,10.54620889,-74.54632334,R0
col,9000543,10.58280548,-74.50669211,R0
col,9000530,10.64624046,-74.44271226,R0
col,9000473,10.67295539,-74.58376217,R0
col,9000442,10.69145834,-74.53645834,R0
col,9000435,10.73614665,-74.52797032,R0
col,9001217,9.978164922,-74.43872894,R0
col,9001218,9.987445968,-74.40387355,R0
col,9001208,10.01364561,-74.06021079,R0
col,9001200,10.0152527,-74.13348305,R0
col,9001210,9.981307512,-74.06049278,R0
col,9001153,10.07748103,-74.16798819,R0
col,9000612,10.51852444,-74.77688881,R0
col,9000656,10.52764044,-74.71743759,R0
col,9000673,10.45378102,-74.70886019,R0
col,9002182,9.274960506,-74.25683939,R0
col,9002206,9.228350099,-74.37261736,R0
col,9002049,9.351787634,-74.19268068,R0
col,9002054,9.318125002,-74.42062501,R0
col,9002110,9.290360682,-74.42027644,R0
col,9001859,9.438349118,-74.23803813,R0
col,9001942,9.390416669,-74.54708334,R0
col,9001948,9.383184272,-74.56444128,R0
col,9001947,9.412026189,-74.56980513,R0
col,9001937,9.460963751,-74.40777,R0
col,9001755,9.582594087,-74.50460022,R0
col,9001936,9.467518457,-74.49876734,R0
col,9001941,9.461408048,-74.54222276,R0
col,9001498,9.714478404,-73.83941784,R0
col,9002167,9.286275102,-74.53682142,R0
col,9001967,9.368632079,-74.59726777,R0
col,9001959,9.38552681,-74.64642048,R0
col,9001903,9.418675096,-74.66415634,R0
col,9001893,9.4305556,-74.73650385,R0
col,9000395,10.75762751,-74.72530784,R0
col,9000390,10.78561128,-74.52240571,R100
col,9000374,10.81483552,-74.56490323,R100
col,9000371,10.85652996,-74.56813272,R100
col,9000394,10.81057403,-74.73270935,R0
col,9000334,10.89242195,-74.7317316,R0
col,9000315,10.90785006,-74.70767728,R0
col,9000294,10.93986123,-74.69596553,R0
col,9000317,10.91015465,-74.68501947,R0
col,9000411,10.74277084,-74.72276577,R0
col,9000399,10.75496976,-74.72423968,R0
col,9001358,9.837582288,-74.85911697,R0
col,9001353,9.88969935,-74.85939216,R0
col,9001242,9.957070944,-74.83923303,R0
col,9001331,9.943319037,-74.55938669,R0
col,9001390,9.822965474,-74.84356069,R0
col,9001237,9.960724934,-74.79541858,R0
col,9001189,9.998751134,-74.76687867,R0
col,9000976,10.20425645,-74.6379173,R0
col,9001155,10.03789485,-74.8004997,R0
col,9001010,10.13660142,-74.69516858,R0
col,9001130,10.05566339,-74.79222336,R0
col,9000468,10.66319796,-74.19767614,R0
col,9000464,10.7101777,-74.21671043,R0
col,9000407,10.74963064,-74.19741579,R0
col,9000400,10.78202691,-74.10682512,R0
col,9000396,10.78760246,-74.23262426,R0
col,9000375,10.80688138,-74.2647647,R0
col,9000366,10.82233699,-74.20270466,R0
col,9000365,10.82458334,-74.24291667,R0
col,9000364,10.82666667,-74.23791667,R0
col,9000359,10.85476702,-74.23780616,R0
col,9012766,3.916927422,-73.53668717,R0
col,9012373,4.024340542,-73.76418096,R0
col,9012169,4.171810756,-73.74635024,R0
col,9012181,4.117103726,-73.81276626,R0
col,9011508,4.38293415,-72.92954688,R0
col,9011477,4.427817243,-72.98325001,R0
col,9011660,4.324729152,-72.74914101,R0
col,9011608,4.341373307,-72.78518218,R0
col,9012068,4.157054184,-72.95557575,R0
col,9012039,4.18841012,-72.93710261,R0
col,9012043,4.160000005,-72.93217645,R0
col,9011773,4.290333984,-72.74938708,R0
col,9011610,4.336727149,-72.94457046,R0
col,9011590,4.35576162,-72.91807007,R0
col,9011518,4.376435041,-72.93495789,R0
col,9011576,4.376647718,-73.00628702,R0
col,9012040,4.205346122,-72.89200938,R0
col,9011772,4.296792014,-72.88025979,R0
col,9011891,4.221280738,-72.94597558,R0
col,9011892,4.293250704,-73.00597325,R0
col,9011499,4.44356517,-73.04548147,R0
col,9011600,4.353801424,-73.05669587,R0
col,9013059,3.808303087,-73.41003588,R0
col,9013164,3.745291559,-73.52640988,R0
col,9013155,3.770570745,-73.48141828,R0
col,9013015,3.76585884,-73.8693602,R0
col,9012988,3.788035479,-73.90147205,R0
col,9012908,3.818191022,-73.9615297,R0
col,9013000,3.784648063,-73.95753443,R0
col,9012872,3.827358194,-74.04694789,R0
col,9012848,3.846141548,-74.02055647,R0
col,9012849,3.83413925,-73.99914629,R0
col,9012790,3.853891129,-74.20901776,R0
col,9012708,3.883945469,-74.20066985,R0
col,9012791,3.867000077,-74.19908385,R2
col,9012709,3.914182184,-74.19123966,R2
col,9012048,4.182116191,-73.19478574,R0
col,9011986,4.199921545,-73.04884757,R0
col,9011897,4.217024612,-73.14302699,R0
col,9011879,4.255958105,-73.222929,R0
col,9011965,4.19842255,-73.09748606,R0
col,9011953,4.205418051,-73.21229792,R0
col,9011917,4.273039996,-73.23933384,R0
col,9011674,4.304737253,-73.43039027,R0
col,9011533,4.36830698,-73.71369825,R0
col,9013605,3.580025323,-73.74787328,R0
col,9013628,3.539535343,-73.76082451,R0
col,9013656,3.527047355,-73.74575284,R0
col,9013648,3.524603207,-73.75411389,R0
col,9013655,3.517322672,-73.74783373,R0
col,9013455,3.612951737,-73.82190662,R0
col,9013454,3.617698749,-73.863304,R0
col,9013627,3.54734783,-73.79325559,R0
col,9013513,3.579726175,-73.84654828,R0
col,9013499,3.584425793,-73.81518486,R0
col,9013703,3.536868036,-73.9508164,R0
col,9013604,3.66603216,-73.78948012,R0
col,9014151,3.343183999,-73.59486311,R0
col,9014130,3.358016292,-73.52625522,R0
col,9014084,3.391451764,-73.58299142,R0
col,9013961,3.409196029,-73.62919654,R0
col,9013942,3.423104745,-73.63546899,R0
col,9014049,3.443909374,-73.56205326,R0
col,9013855,3.463199186,-73.65675538,R0
col,9013996,3.40303009,-73.71296144,R0
col,9013938,3.420053043,-73.65869395,R0
col,9013854,3.479873652,-73.69899727,R0
col,9012929,3.809079119,-73.73557364,R0
col,9012925,3.897543583,-73.80496853,R2
col,9012509,3.979006567,-73.95469145,R50
col,9012839,3.900018486,-73.95913602,R2
col,9012518,3.982319243,-73.99483101,R2
col,9014458,3.360962473,-74.28245421,R0
col,9015135,2.966131293,-74.17394565,R0
col,9015194,2.999461749,-74.20764601,R0
col,9015136,3.008448416,-74.10049009,R0
col,9014736,3.130347922,-74.20356038,R0
col,9014735,3.148132787,-74.22650203,R0
col,9015195,2.937752961,-74.17361789,R0
col,9014834,3.122572423,-74.24430415,R0
col,9014835,3.092371545,-74.21784723,R0
col,9014556,3.179790619,-74.26320568,R0
col,9015910,2.798936898,-74.126711,R0
col,9015894,2.737577643,-73.98125373,R0
col,9015911,2.788281077,-74.09188686,R0
col,9016202,2.623498439,-74.02377583,R0
col,9014320,3.303907347,-74.11860628,R0
col,9014093,3.357366159,-74.03169816,R0
col,9014079,3.363333338,-74.02583334,R0
col,9014092,3.378317447,-74.12540909,R0
col,9014073,3.411961856,-74.07981421,R0
col,9014074,3.42490438,-74.03733217,R0
col,9015244,2.913253133,-74.49692475,R2
col,9015225,2.983853777,-74.56293304,R0
col,9014822,3.097788592,-74.37442452,R0
col,9014730,3.115193197,-74.59656008,R0
col,9014823,3.137100083,-74.34297266,R0
col,9014702,3.13932915,-74.60024331,R0
col,9014711,3.144501916,-74.56557273,R0
col,9015230,2.913270383,-74.38342555,R0
col,9015055,3.074006992,-74.71580352,R0
col,9014513,3.207762429,-74.55863433,R0
col,9014514,3.239105661,-74.51313824,R0
col,9014193,3.370088836,-74.53633223,R0
col,9014194,3.390120926,-74.50342086,R0
col,9015229,3.032363756,-74.47335357,R0
col,9015883,2.899928282,-74.27897537,R0
col,9015424,2.871564642,-74.44202515,R0
col,9015498,2.830486759,-74.51631938,R2
col,9015764,2.819642886,-74.31009772,R0
col,9015792,2.770832463,-74.39177144,R0
col,9016019,2.715816727,-74.38932794,R0
col,9015746,2.818909019,-74.37575885,R0
col,9015758,2.732500005,-74.34583334,R0
col,9015747,2.75843741,-74.34553929,R0
col,9015793,2.726060438,-74.34282016,R0
col,9015696,2.763919133,-74.50104491,R2
col,9015757,2.756114317,-74.48909976,R2
col,9016292,2.55345609,-74.32919256,R0
col,9016254,2.559853087,-74.25006944,R0
col,9016236,2.567804374,-74.20971068,R0
col,9016233,2.60143311,-74.26870995,R0
col,9016216,2.611251529,-74.18547526,R0
col,9016011,2.669606311,-74.28965567,R0
col,9015882,2.706662522,-74.31383007,R0
col,9016255,2.56183227,-74.14044551,R0
col,9016381,2.531883829,-74.44939108,R0
col,9016263,2.594421882,-74.44529781,R0
col,9016201,2.622100079,-74.34949053,R0
col,9014555,3.349845274,-74.3518358,R0
col,9013518,3.659504253,-74.33249001,R0
col,9013530,3.583907815,-74.40636526,R0
col,9014457,3.204159273,-74.26959336,R0
col,9013276,3.668440097,-74.15660528,R0
col,9013277,3.766646008,-74.15076877,R0
col,9013347,3.64924218,-74.13833652,R0
col,9013424,3.623071322,-74.15455084,R0
col,9011572,4.347572786,-72.42024096,R0
col,9012455,3.99722053,-72.38540552,R0
col,9012438,3.999852346,-72.42250908,R0
col,9012392,4.012021542,-72.37330774,R0
col,9012382,4.016496144,-72.37218972,R0
col,9012284,4.067692739,-72.36658875,R0
col,9012361,4.073563553,-72.50080217,R0
col,9012194,4.1502977,-72.54240424,R0
col,9011750,4.313677074,-72.21720401,R0
col,9012282,4.190232008,-72.21324462,R0
col,9012485,4.001337263,-72.64293997,R0
col,9012360,4.043032484,-72.66365287,R0
col,9011903,4.228653826,-72.30148575,R0
col,9011789,4.261335108,-72.30761874,R0
col,9012391,4.027666724,-72.34089483,R0
col,9011561,4.390360255,-72.13804662,R0
col,9011985,4.1808789,-73.05879189,R0
col,9012045,4.171702415,-73.01083651,R0
col,9013191,3.744630154,-73.17883289,R0
col,9012779,3.885812846,-73.10340812,R0
col,9012568,3.945229021,-73.16513871,R0
col,9011867,4.247268152,-72.76750115,R0
col,9011802,4.2649849,-72.79808495,R0
col,9011937,4.218602759,-72.86136882,R0
col,9011905,4.252453191,-72.70779702,R0
col,9011426,4.407679991,-72.28392566,R0
col,9011394,4.425925943,-72.23230875,R0
col,9011749,4.289459413,-72.58793036,R0
col,9011669,4.326724131,-72.5638574,R0
col,9012535,4.017041085,-72.96224684,R0
col,9012232,4.075355403,-72.90699329,R0
col,9012220,4.099872133,-72.94168271,R0
col,9012174,4.128511953,-72.92794232,R0
col,9013223,3.8154964,-73.06676845,R0
col,9012645,3.931347503,-73.04047127,R0
col,9011346,4.435956191,-72.1572325,R0
col,9011506,4.4081775,-72.07857253,R0
col,9011834,4.247997158,-72.84591147,R0
col,9012715,3.883924353,-72.77938526,R0
col,9012750,3.875166965,-72.83736144,R0
col,9012787,3.869460356,-72.75883186,R0
col,9013163,3.771947767,-72.84622714,R0
col,9013081,3.818686689,-72.55646772,R0
col,9013098,3.749182948,-72.32427482,R0
col,9013012,3.793992589,-72.27887932,R0
col,9012858,3.855609251,-72.3502138,R0
col,9012699,3.922507031,-72.20669386,R0
col,9012552,3.959633926,-72.16759147,R0
col,9012272,4.089250096,-73.01154152,R0
col,9012323,4.05973215,-73.12589542,R0
col,9012198,4.127745938,-73.01408293,R0
col,9012100,4.154748431,-73.14777517,R0
col,9012128,4.140986059,-73.36493864,R0
col,9012099,4.146313467,-73.31736888,R0
col,9012035,4.163000175,-73.50351357,R0
col,9012016,4.1685682,-73.50043632,R0
col,9012034,4.172128983,-73.52677996,R0
col,9012948,3.796112697,-73.18050239,R0
col,9012903,3.810492175,-73.21068987,R0
col,9012808,3.872011556,-73.22671791,R0
col,9012916,3.82528051,-73.14225779,R0
col,9012736,3.886152852,-73.36696495,R0
col,9013207,3.703134892,-73.26488412,R0
col,9012644,3.930000391,-73.11802548,R0
col,9014574,3.167309222,-73.62466707,R0
col,9014575,3.172784296,-73.59593526,R0
col,9014508,3.225025416,-73.7409509,R0
col,9014509,3.20950941,-73.68281084,R0
col,9014439,3.227651118,-74.01174346,R0
col,9014282,3.332126822,-73.95894081,R0
col,9014440,3.233421166,-73.95267707,R0
col,9014325,3.324882509,-73.90800077,R0
col,9014345,3.26086702,-73.90137995,R0
col,9014470,3.197713222,-73.99882393,R0
col,9011497,4.478537168,-73.68252656,R0
col,9013360,3.638741011,-73.21214092,R0
col,9013356,3.640131874,-73.23029871,R0
col,9013316,3.659800902,-73.20413537,R0
col,9013258,3.673649392,-73.20295429,R0
col,9013253,3.682836134,-73.1760006,R0
col,9013339,3.664618275,-73.40124849,R0
col,9013355,3.638030245,-73.28271566,R0
col,9013386,3.627195554,-73.37818588,R0
col,9013588,3.587489888,-73.29654302,R0
col,9013685,3.523413329,-73.36895225,R0
col,9013590,3.602947257,-73.46879396,R0
col,9013684,3.540107811,-73.44943214,R0
col,9013721,3.508096466,-73.49144253,R0
col,9013199,3.727388937,-72.54775969,R0
col,9013548,3.583604542,-72.7455295,R0
col,9013547,3.577842049,-72.84947276,R0
col,9013562,3.563396835,-72.90510478,R0
col,9013535,3.591389672,-72.50344935,R0
col,9013431,3.618613302,-72.66311173,R0
col,9013629,3.547975043,-72.36951071,R0
col,9014301,3.339020829,-72.84859021,R0
col,9014099,3.385791146,-72.54353599,R0
col,9014153,3.342699561,-72.50459537,R0
col,9014210,3.327292766,-72.66039405,R0
col,9013921,3.440964412,-72.67669806,R0
col,9013888,3.450590593,-72.64176969,R0
col,9014283,3.334920586,-72.76239931,R0
col,9014287,3.294636634,-72.68113097,R0
col,9013973,3.416939294,-72.41847588,R0
col,9013847,3.487485079,-72.3774712,R0
col,9013846,3.49250577,-72.46821402,R0
col,9013657,3.519883885,-72.35508909,R0
col,9014080,3.379985141,-72.45739046,R0
col,9014119,3.359292574,-73.18012481,R0
col,9014052,3.421174063,-73.20888511,R0
col,9014116,3.40647368,-73.15786496,R0
col,9014300,3.380765081,-72.96655684,R0
col,9014051,3.434553016,-73.25293245,R0
col,9013533,3.586876122,-72.34689133,R0
col,9013412,3.656379548,-72.31515677,R0
col,9014307,3.271407483,-72.83903647,R0
col,9014302,3.274435655,-72.75409566,R0
col,9014351,3.25841845,-72.92197696,R0
col,9014340,3.282388611,-73.04087746,R0
col,9019273,1.442105436,-77.12357566,R0
col,9019768,1.292264823,-77.00303899,R0
col,9019539,1.397190393,-77.1675069,R0
col,9019263,1.446558548,-77.15358256,R0
col,9019630,1.377651327,-77.14516033,R0
col,9019444,1.409354703,-77.07553661,R0
col,9020827,0.95051315,-77.48707733,R0
col,9021264,0.769850708,-77.3524223,R0
col,9020999,0.834012874,-77.55377161,R0
col,9020958,0.869520455,-77.55375449,R0
col,9020929,0.875072856,-77.51699104,R0
col,9020996,0.873055146,-77.74114037,R0
col,9018597,1.731524694,-77.54050161,R0
col,9018858,1.643234399,-77.48795382,R0
col,9018618,1.684830823,-77.53681452,R2
col,9019913,1.341344283,-77.29880982,R0
col,9018613,1.72753436,-77.31047072,R0
col,9018150,1.849706151,-77.5308041,R0
col,9018132,1.860862377,-77.5027852,R0
col,9018075,1.890532992,-77.47528351,R0
col,9019445,1.394998448,-77.03649322,R0
col,9019631,1.349652688,-77.02530731,R0
col,9019632,1.322442647,-76.99132615,R0
col,9020468,1.043855528,-77.45834401,R0
col,9020407,1.050369282,-77.42246551,R0
col,9020601,1.008715482,-77.43864706,R0
col,9019957,1.204870311,-77.505452,R0
col,9020495,1.023547141,-77.46818009,R0
col,9018873,1.636185632,-76.96609987,R0
col,9019094,1.512311437,-77.70772181,R0
col,9019106,1.551342781,-77.77990323,R0
col,9018692,1.662153307,-77.8117379,R0
col,9018847,1.602952145,-77.8554265,R0
col,9019684,1.411498867,-77.55159265,R0
col,9018920,1.582867595,-77.47505851,R0
col,9018874,1.622364484,-77.77037639,R0
col,9018792,1.640042526,-77.84305991,R0
col,9018773,1.643004987,-77.73985886,R0
col,9018711,1.66087177,-77.72798867,R0
col,9018693,1.674160522,-77.77782905,R0
col,9018662,1.686506543,-77.80414252,R0
col,9018667,1.768182549,-77.86279212,R0
col,9019096,1.545433835,-77.44970707,R0
col,9019729,1.291295738,-77.60844332,R0
col,9021525,0.70470155,-77.1978315,R0
col,9021082,0.878924602,-77.29619307,R0
col,9019833,1.333603344,-77.92871192,R0
col,9019532,1.374443622,-78.01888749,R0
col,9019402,1.411939416,-78.02207795,R0
col,9020149,1.143526814,-78.05170661,R0
col,9019956,1.218923825,-78.03327691,R0
col,9020489,1.066402937,-78.016154,R0
col,9020345,1.13131163,-78.21702831,R0
col,9020060,1.194970833,-78.09679901,R0
col,9018759,1.649579774,-77.21834839,R2
col,9019234,1.476425045,-77.25722025,R0
col,9019789,1.321700868,-77.802169,R0
col,9019563,1.364990603,-77.78537393,R50
col,9019415,1.423610544,-77.83413996,R2
col,9020608,1.034984456,-77.59869367,R0
col,9018736,1.655673652,-77.33277268,R0
col,9018650,1.675240528,-77.33557209,R0
col,9018686,1.669725658,-77.28115654,R0
col,9019084,1.553463688,-77.38767328,R0
col,9020376,1.080816802,-77.37783737,R0
col,9019934,1.250175889,-77.64210428,R0
col,9020388,1.053942136,-77.43923242,R0
col,9020362,1.138487398,-77.47394828,R0
col,9004275,7.829133611,-73.3295324,R0
col,9004257,7.885431407,-73.33588017,R0
col,9004198,8.079542626,-73.09768601,R0
col,9003960,8.035216393,-73.1890419,R0
col,9003905,8.053895991,-73.2113207,R0
col,9003813,8.109047622,-73.23736016,R0
col,9003733,8.146769655,-73.26952227,R0
col,9004730,7.589775826,-72.90578903,R0
col,9004696,7.623543978,-72.82938902,R0
col,9004656,7.707280916,-72.73801521,R0
col,9004748,7.58243523,-72.8761349,R0
col,9005444,7.213690656,-72.63066498,R0
col,9005342,7.251165095,-72.62878887,R0
col,9004714,7.636974441,-72.60129594,R0
col,9004663,7.660322461,-72.57840842,R0
col,9005945,7.043853876,-72.53038481,R0
col,9005678,7.122320934,-72.66296337,R0
col,9005477,7.181788595,-72.69007148,R0
col,9006036,6.881856795,-72.38186434,R0
col,9005919,6.961761404,-72.30647432,R0
col,9005846,6.995515961,-72.38629755,R0
col,9005818,7.005089662,-72.322878,R0
col,9005754,7.030497276,-72.3764642,R0
col,9003072,8.631068839,-73.31534099,R0
col,9002934,8.709864722,-73.30260079,R0
col,9002282,9.208890789,-72.97872486,R0
col,9002691,8.894756577,-73.24208596,R0
col,9002640,8.92506472,-73.25237561,R0
col,9002600,8.939280345,-73.25154911,R0
col,9004794,7.585974744,-72.77287138,R0
col,9004949,7.502313773,-72.80227213,R0
col,9002369,9.170707226,-73.08421506,R0
col,9002099,9.284618118,-73.02146338,R0
col,9002485,9.045442064,-73.21895486,R0
col,9002374,9.083634002,-73.25893302,R0
col,9002551,8.971365185,-73.30212502,R0
col,9002592,8.973129207,-73.24650112,R0
col,9002525,8.989833826,-73.29108753,R0
col,9002519,8.99991224,-73.26179575,R0
col,9002774,8.846858398,-73.24682173,R0
col,9002721,8.873978649,-73.29295606,R0
col,9002642,8.909306686,-73.26224254,R0
col,9002716,8.878344016,-73.0107029,R0
col,9002689,8.882916669,-72.97208334,R0
col,9002966,8.679746288,-72.95884123,R0
col,9002967,8.685001818,-72.91891581,R0
col,9002900,8.794154639,-72.95109436,R0
col,9002813,8.822108381,-73.04884692,R0
col,9003387,8.526141579,-73.06355034,R0
col,9003029,8.66730313,-73.07903143,R0
col,9004648,7.653149132,-73.27860752,R0
col,9004562,7.707655495,-73.24360456,R0
col,9004561,7.727922119,-73.26236098,R0
col,9004840,7.566287596,-73.4049363,R0
col,9004607,7.693158344,-73.52763288,R0
col,9004444,7.747292583,-73.3577902,R0
col,9005068,7.552232014,-72.62825508,R0
col,9003485,8.344133369,-72.40140269,R0
col,9004396,7.782249086,-72.77926351,R0
col,9004379,7.817753003,-72.85415701,R0
col,9004246,7.868229633,-72.6231113,R0
col,9004123,7.907032786,-72.59455427,R0
col,9004228,7.885380805,-72.68922419,R0
col,9005636,7.127686141,-72.73410084,R0
col,9005542,7.166125843,-72.82137122,R0
col,9005483,7.198884571,-72.78120652,R0
col,9003422,8.402015798,-73.2786472,R0
col,9003257,8.455956793,-73.2570362,R0
col,9003239,8.474895948,-73.2732602,R0
col,9003244,8.477500272,-73.30581844,R0
col,9003088,8.594790934,-73.16038466,R0
col,9003052,8.610158945,-73.19715629,R0
col,9003051,8.646090381,-73.24337853,R0
col,9003205,8.54223944,-73.24968256,R0
col,9002281,9.145208336,-72.98604167,R0
col,9002558,9.02356334,-72.86492939,R0
col,9002678,8.907242058,-72.969116,R0
col,9002625,8.922818823,-72.97537721,R0
col,9002619,8.946747881,-72.95195319,R0
col,9002557,8.984599524,-72.99471112,R0
col,9002931,8.729697795,-72.76784329,R0
col,9002848,8.763400686,-72.72582459,R0
col,9002821,8.811284651,-72.7183736,R0
col,9002728,8.85398498,-72.72489356,R0
col,9002754,8.910889317,-72.79397925,R0
col,9003488,8.312864755,-72.62381707,R0
col,9003573,8.324771491,-72.6912353,R0
col,9003463,8.350107467,-72.59181224,R0
col,9003356,8.454460853,-72.61256684,R0
col,9003314,8.500000412,-72.6949572,R0
col,9003194,8.512646784,-72.60955838,R0
col,9003143,8.561585091,-72.72571217,R0
col,9003155,8.57105016,-72.63312951,R0
col,9003053,8.60305273,-72.67154731,R0
col,9003037,8.610285957,-72.6701726,R0
col,9003159,8.590490956,-72.79587206,R0
col,9002370,9.110213655,-72.87489414,R0
col,9004174,7.896741632,-72.95405,R0
col,9004112,7.912056194,-72.96952429,R0
col,9004099,7.987519001,-72.89375089,R0
col,9011430,4.50765912,-75.68283875,R0
col,9011431,4.403073371,-75.74370517,R0
col,9011411,4.460491722,-75.68086757,R0
col,9011422,4.406381324,-75.70969231,R0
col,9011876,4.245990882,-75.78845195,R0
col,9011853,4.251013581,-75.80844942,R0
col,9011913,4.213693646,-75.78502167,R0
col,9011931,4.21022475,-75.76418289,R0
col,9011455,4.395386362,-75.78142645,R0
col,9011406,4.412705814,-75.8226825,R0
col,9011402,4.428476295,-75.88380698,R0
col,9011282,4.48268114,-75.80591089,R0
col,9011708,4.291411581,-75.73401389,R0
col,9011704,4.326295411,-75.70563948,R0
col,9011722,4.295098349,-75.76667412,R0
col,9011013,4.573766252,-75.7920224,R0
col,9010882,4.637846602,-75.55539545,R0
col,9010911,4.615335031,-75.58981877,R0
col,9010683,4.783585328,-75.65270976,R0
col,9010517,4.772150184,-75.89336093,R0
col,9010522,4.781638359,-75.79873647,R0
col,9009403,5.314665455,-75.80309307,R0
col,9010262,4.888287665,-75.84206095,R0
col,9010183,4.980127356,-75.78513937,R0
col,9009157,5.347707098,-76.10541631,R0
col,9009191,5.337138343,-76.08337273,R0
col,9009303,5.300529498,-76.06933024,R0
col,9009196,5.325387295,-76.06830976,R0
col,9009375,5.26227017,-76.0694787,R0
col,9009428,5.249186205,-76.04056881,R0
col,9009363,5.261335928,-75.70794413,R0
col,9009364,5.263836499,-75.67653988,R0
col,9009248,5.301677782,-75.66650071,R0
col,9010297,4.916408702,-75.636605,R0
col,9010231,4.918390436,-75.59462667,R0
col,9009833,5.061164297,-75.9646213,R0
col,9009831,5.087888588,-75.94655494,R0
col,9010082,5.00877473,-75.907044,R0
col,9010213,4.92650684,-75.86983152,R0
col,9006440,6.714174824,-72.95027777,R0
col,9006295,6.791128643,-72.98466034,R0
col,9006544,6.624496237,-73.24288997,R0
col,9006529,6.657517149,-73.2617129,R0
col,9006432,6.688296475,-73.25971143,R0
col,9006076,6.91325352,-73.83453811,R0
col,9005828,6.996463402,-73.86998445,R0
col,9005635,7.14658845,-73.92659981,R0
col,9006095,6.861687951,-74.05632392,R0
col,9006035,6.907620397,-74.01231712,R0
col,9005726,7.043582,-73.72002833,R0
col,9005700,7.048113284,-73.73976338,R0
col,9005730,7.053100452,-73.65818943,R0
col,9005693,7.054780759,-73.74789911,R0
col,9005683,7.074183616,-73.70153985,R0
col,9005439,7.230872511,-73.77027197,R0
col,9005463,7.189691632,-73.6231237,R0
col,9005687,7.085538877,-73.82944676,R0
col,9005503,7.167951931,-73.84064032,R0
col,9005732,7.089655712,-73.50488725,R0
col,9005664,7.120365282,-73.44462596,R0
col,9005523,7.151258365,-73.53416544,R0
col,9005797,7.030518663,-73.37247762,R0
col,9005679,7.063398849,-73.35879786,R0
col,9005943,6.995545662,-73.28293666,R0
col,9007198,6.27912587,-74.50793639,R0
col,9007484,6.165869432,-73.82409408,R2
col,9007879,6.01215445,-74.14106306,R0
col,9007457,6.134487635,-74.10026019,R0
col,9007398,6.172797508,-74.09487376,R0
col,9007337,6.21798961,-74.10819367,R0
col,9007459,6.118713426,-74.11559672,R0
col,9006724,6.571853606,-73.27457281,R0
col,9005174,7.347738487,-72.95132614,R0
col,9006545,6.623263855,-72.59269393,R10
col,9006536,6.636921058,-72.59690751,R10
col,9006298,6.763920506,-72.96559637,R0
col,9006190,6.85927959,-72.55709234,R0
col,9005948,6.924916766,-72.57394579,R0
col,9007442,6.201950371,-73.15266145,R0
col,9007182,6.277052268,-73.11982857,R0
col,9007145,6.291147026,-73.13692965,R0
col,9007151,6.292624418,-73.10642915,R0
col,9007183,6.277695078,-73.07456951,R0
col,9005282,7.280016238,-73.01253,R0
col,9007096,6.36773746,-73.33975183,R0
col,9007093,6.314626733,-73.38790085,R0
col,9007079,6.333342417,-73.41025376,R0
col,9006468,6.689113898,-74.24539819,R0
col,9006604,6.627310633,-74.27968,R0
col,9006672,6.578397165,-74.39297486,R0
col,9007262,6.23976418,-74.4258773,R0
col,9007297,6.234795359,-74.37724213,R0
col,9007051,6.361403976,-74.37173761,R0
col,9007066,6.368617987,-74.42646204,R0
col,9007222,6.294692723,-74.43955212,R0
col,9006571,6.610642196,-74.3778375,R0
col,9006906,6.414436603,-73.91846301,R0
col,9006894,6.417592501,-73.88887692,R0
col,9006882,6.442416988,-73.88219986,R0
col,9007203,6.319668982,-73.92483312,R0
col,9007238,6.317816942,-74.0889801,R0
col,9007113,6.343816602,-74.01662597,R0
col,9006967,6.398683442,-74.0565806,R0
col,9006945,6.402154457,-74.0814294,R0
col,9007371,6.206590795,-74.17396471,R0
col,9006510,6.69431681,-74.15978248,R0
col,9006530,6.633020872,-74.16756637,R0
col,9006893,6.488603769,-74.09123875,R0
col,9006899,6.496150359,-74.00844704,R0
col,9006702,6.534585316,-74.11205679,R0
col,9006669,6.570491803,-74.09150994,R0
col,9006628,6.592353677,-74.00772383,R0
col,9006595,6.592367495,-74.07127864,R0
col,9007052,6.486568744,-74.21678709,R0
col,9006610,6.725253109,-72.70152942,R0
col,9007105,6.317124878,-73.59215545,R0
col,9007191,6.271112428,-72.99710054,R2
col,9007141,6.306203797,-73.03252548,R0
col,9007407,6.193765097,-73.04403502,R0
col,9006568,6.645322093,-72.88173917,R0
col,9006654,6.57649759,-73.10218227,R0
col,9006584,6.668182881,-73.72996301,R0
col,9006543,6.660641747,-73.55784638,R0
col,9006461,6.677510465,-73.51931716,R0
col,9006429,6.68678987,-73.51321063,R0
col,9006561,6.689015611,-73.60053964,R0
col,9006422,6.693355649,-73.53600057,R0
col,9006402,6.744716042,-73.57011361,R0
col,9007140,6.300961313,-73.63610861,R0
col,9007479,6.114515235,-73.934294,R0
col,9007656,6.059791363,-73.90162798,R0
col,9007454,6.17154749,-73.99597245,R0
col,9004998,7.457485398,-73.14758675,R0
col,9004977,7.468874314,-73.2068848,R0
col,9004884,7.492405035,-73.20966604,R0
col,9004894,7.508307217,-73.0733618,R0
col,9004883,7.549708447,-73.2144824,R0
col,9007655,6.075070147,-73.1262154,R0
col,9007464,6.124205439,-73.09121309,R0
col,9007657,6.067483262,-73.05375221,R0
col,9007480,6.113086686,-73.05307866,R2
col,9008087,5.826481656,-74.07971734,R0
col,9008261,5.777843412,-73.96410988,R0
col,9006455,6.676206445,-73.27593715,R0
col,9007769,5.980306245,-73.37361125,R0
col,9007906,5.938462521,-73.28273718,R0
col,9008021,5.854632537,-73.43517586,R100
col,9008026,5.862291468,-73.37897888,R100
col,9007708,6.036930234,-73.3939125,R0
col,9007386,6.246650183,-73.44695917,R0
col,9007173,6.29291251,-73.37274891,R0
col,9007952,5.923242463,-73.75579486,R0
col,9007774,6.03923266,-73.54907719,R0
col,9006761,6.489553539,-73.3189207,R0
col,9006754,6.530629587,-73.32462239,R0
col,9008029,5.857852794,-73.7675605,R5
col,9006380,6.717843274,-73.11158038,R0
col,9008056,5.849002613,-74.0627477,R0
col,9007944,5.894606276,-74.15748431,R0
col,9007946,5.876320786,-74.12062461,R0
col,9007939,5.898035484,-74.10343092,R0
col,9006837,6.487277216,-73.77691379,R0
col,9007176,6.28486266,-73.73010344,R0
col,9007126,6.342697084,-73.6983219,R0
col,9007481,6.113854185,-73.55108479,R0
col,9005076,7.402974057,-73.37884828,R0
col,9005619,7.16274337,-73.2289722,R0
col,9005378,7.270963084,-73.25756171,R0
col,9006340,6.742230195,-73.1601582,R0
col,9006346,6.766060031,-73.04976608,R0
col,9006018,6.890989261,-73.15686811,R0
col,9006848,6.441254773,-72.63283721,R0
col,9005496,7.225807148,-73.06251126,R0
col,9005274,7.321815456,-73.0120287,R0
col,9006619,6.592172515,-72.84394494,R0
col,9006858,6.445565014,-73.04371738,R0
col,9006779,6.515083625,-73.0407978,R0
col,9006710,6.527401926,-72.99237131,R0
col,9006704,6.531754869,-72.98156289,R0
col,9006569,6.620937466,-72.83478062,R0
col,9006665,6.543499635,-72.81760371,R0
col,9006660,6.556633584,-72.82868126,R0
col,9007134,6.392615742,-73.1488347,R0
col,9007218,6.266124782,-73.33291864,R0
col,9007180,6.271665582,-73.35948085,R0
col,9007220,6.283390937,-73.2798494,R0
col,9007420,6.157568917,-73.2757579,R0
col,9007432,6.183441462,-73.3139085,R0
col,9007226,6.301579214,-72.82902965,R2
col,9007081,6.331950337,-72.81049496,R2
col,9006750,6.519407809,-72.79742264,R0
col,9006769,6.487077283,-73.2993548,R0
col,9006770,6.497500571,-73.28227249,R0
col,9006143,6.824461298,-72.99688114,R0
col,9006144,6.894646091,-72.99207593,R0
col,9005867,6.992147427,-73.11463357,R0
col,9006730,6.536522209,-73.20151057,R0
col,9007997,5.868789612,-73.72456276,R0
col,9007998,5.86890141,-73.68701223,R0
col,9007967,5.872195225,-73.66820058,R10
col,9007940,5.905183302,-73.63691304,R0
col,9006694,6.630149987,-73.80856579,R0
col,9006265,6.861785216,-73.96483921,R0
col,9006421,6.730797127,-73.93785102,R0
col,9006357,6.750211567,-73.91579894,R0
col,9006464,6.691181956,-73.88763201,R0
col,9006193,6.835488787,-74.03249524,R0
col,9006586,6.696350755,-74.09131586,R0
col,9005383,7.239037889,-73.63000959,R0
col,9005447,7.194078956,-73.90158396,R0
col,9005044,7.450783342,-73.90225826,R0
col,9005207,7.340463388,-73.86013464,R0
col,9005418,7.273717904,-73.91991784,R0
col,9004845,7.636511873,-73.80194489,R0
col,9004708,7.627961244,-73.76915264,R0
col,9004211,7.895898155,-73.82852203,R0
col,9004066,8.034061748,-73.85271698,R0
col,9004089,7.944006065,-73.69537952,R0
col,9003990,7.990015847,-73.76220749,R0
col,9004182,7.899508715,-73.67951265,R0
col,9004553,7.7428125,-73.75738541,R0
col,9004033,7.9848037,-73.79172549,R0
col,9003920,8.070982323,-73.79556004,R0
col,9004355,7.811792534,-73.81052948,R0
col,9005077,7.414010423,-73.41924158,R0
col,9004942,7.491991413,-73.38058961,R0
col,9005203,7.337187161,-73.28284553,R0
col,9005213,7.345768836,-73.22166146,R0
col,9005176,7.378449848,-73.34098713,R0
col,9005149,7.398440868,-73.25155011,R0
col,9005419,7.216591412,-73.19398059,R0
col,9005397,7.278563688,-73.14097832,R0
col,9004839,7.612736614,-73.6355706,R0
col,9004515,7.709872246,-73.62523066,R0
col,9005494,7.167689767,-73.55855945,R0
col,9005495,7.187203163,-73.44677381,R0
col,9005459,7.199486092,-73.53084319,R0
col,9005080,7.403691088,-73.6701261,R0
col,9005083,7.407540708,-73.61993498,R0
col,9004941,7.498472557,-73.49850249,R0
col,9004995,7.455182802,-73.45923243,R0
col,9005090,7.431720273,-73.74163571,R0
col,9005148,7.402106148,-73.46935487,R0
col,9004846,7.529267426,-73.73807919,R0
col,9004854,7.517836067,-73.68662021,R0
col,9004838,7.533603924,-73.65375168,R0
col,9006441,6.804518944,-72.85780636,R0
col,9007612,6.08027501,-73.57448801,R0
col,9007485,6.137787716,-73.51824066,R0
col,9007475,6.138649842,-73.48396288,R0
col,9006784,6.482160786,-73.0953461,R0
col,9006771,6.516308249,-73.12328982,R0
col,9006670,6.558249808,-72.84986724,R0
col,9007025,6.447221693,-72.81658158,R0
col,9006640,6.568944131,-72.73097637,R0
col,9006611,6.609336589,-72.66431478,R5
col,9006307,6.754962187,-73.71396103,R0
col,9006274,6.794762955,-73.69326489,R0
col,9006287,6.803082051,-73.74983619,R0
col,9006041,6.877308448,-73.68457241,R0
col,9006069,6.885131144,-73.73261156,R0
col,9006238,6.866462539,-73.59311584,R0
col,9005858,6.986566262,-73.66649158,R0
col,9006303,6.878164365,-73.42877807,R0
col,9006154,6.902456444,-72.95045811,R0
col,9006960,6.426278069,-73.65634721,R0
col,9006823,6.455959033,-73.62493816,R0
col,9006842,6.443838629,-73.59034422,R0
col,9006824,6.464181708,-73.5749336,R0
col,9007092,6.347610365,-73.65611141,R0
col,9006101,6.853520558,-73.75372158,R0
col,9006783,6.487190965,-73.66615687,R0
col,9006242,6.876508777,-73.88538284,R0
col,9006871,6.431656224,-73.32436641,R0
col,9006851,6.459989956,-73.30360327,R0
col,9007492,6.126691484,-73.24862967,R0
col,9007699,6.058024807,-73.33625408,R0
col,9007419,6.152066362,-74.08285455,R0
col,9007851,6.021544953,-73.97479023,R2
col,9005140,7.368534204,-72.98015633,R0
col,9004931,7.48111564,-73.04313324,R0
col,9005448,7.190893575,-72.85440196,R0
col,9005520,7.165623685,-73.04092909,R0
col,9006959,6.435084487,-73.70763644,R0
col,9006799,6.476208017,-73.66241067,R0
col,9006786,6.480000003,-73.67916667,R0
col,9006785,6.513119057,-73.7150417,R0
col,9007336,6.248654655,-73.69118638,R0
col,9006268,6.825865003,-73.18189504,R0
col,9006077,6.892509376,-73.24238739,R0
col,9005928,6.970376308,-73.34958976,R0
col,9006413,6.701433097,-73.27565669,R0
col,9006414,6.732058227,-73.23085245,R0
col,9002175,9.226473334,-74.9655325,R0
col,9002176,9.244179272,-74.96018683,R0
col,9002323,9.251144342,-74.93164851,R0
col,9002886,8.723667468,-75.08056251,R0
col,9002882,8.752800996,-75.04737297,R0
col,9002816,8.829902024,-75.15419113,R0
col,9002832,8.795349993,-75.18350021,R0
col,9002817,8.780942451,-75.05108152,R0
col,9001849,9.45414455,-75.36362402,R0
col,9001853,9.470974568,-75.32559163,R0
col,9002222,9.189482792,-75.1752028,R0
col,9001876,9.430734,-75.62607316,R0
col,9001919,9.412786764,-75.62264883,R0
col,9002516,9.053762038,-75.19166438,R0
col,9002363,9.095106135,-74.87007577,R0
col,9002322,9.157052003,-74.90508206,R0
col,9002636,9.058253408,-75.02420843,R0
col,9003237,8.518437828,-74.82903676,R0
col,9003386,8.469366328,-74.85835804,R0
col,9002962,8.708793127,-74.71330677,R0
col,9003185,8.529512991,-74.59570059,R0
col,9001894,9.419724741,-75.39272415,R0
col,9001899,9.424242313,-75.35478613,R0
col,9001861,9.438806905,-75.37098424,R0
col,9001829,9.507822875,-75.12872347,R0
col,9002003,9.371986539,-75.60322712,R0
col,9001996,9.379908848,-75.55429177,R0
col,9002460,9.110428009,-75.30977757,R0
col,9002926,8.776232179,-74.95137657,R0
col,9002950,8.679821893,-74.93771741,R0
col,9002948,8.682083336,-74.92375001,R0
col,9002997,8.661985483,-74.87082557,R0
col,9002495,9.004787541,-74.81229689,R0
col,9002484,9.013057408,-74.84747165,R0
col,9002477,9.059368226,-74.83918178,R0
col,9002362,9.098182795,-74.90277564,R0
col,9002709,8.869166669,-74.94500001,R0
col,9002715,8.872412512,-74.98555286,R0
col,9002704,8.886165158,-74.90561846,R0
col,9002637,8.916135335,-74.86472317,R0
col,9002718,8.86623343,-74.94337335,R0
col,9002807,8.824785058,-74.93290999,R0
col,9002814,8.823364165,-74.98740269,R0
col,9002504,9.014726106,-75.11411085,R0
col,9002630,8.925118756,-75.08534065,R0
col,9002631,8.963932103,-75.06490625,R0
col,9002670,8.907041017,-75.04412498,R0
col,9002677,8.892059893,-75.07802887,R0
col,9002156,9.286924974,-75.24618791,R0
col,9003094,8.623439699,-75.24960208,R0
col,9003011,8.68998642,-75.21893637,R0
col,9003111,8.566203537,-75.14640335,R0
col,9003161,8.572769498,-75.08458711,R0
col,9003095,8.597332025,-75.12397851,R0
col,9003015,8.625969701,-75.13256479,R0
col,9003024,8.627682584,-75.16308892,R0
col,9003007,8.635134226,-75.10241653,R0
col,9003002,8.635209388,-75.08408292,R0
col,9003189,8.565917977,-75.00239225,R0
col,9003127,8.552500002,-75.16083334,R0
col,9002993,8.681065298,-75.07302085,R0
col,9003186,8.514109012,-75.0397808,R0
col,9003247,8.499164772,-75.17810384,R0
col,9003176,8.520218515,-75.18488556,R0
col,9001119,10.05840215,-75.54415934,R0
col,9001236,9.953748743,-75.56611013,R2
col,9001636,9.638774016,-75.55034547,R0
col,9001587,9.666751603,-75.56483448,R0
col,9001554,9.695907705,-75.53961429,R0
col,9001555,9.707862632,-75.44938836,R0
col,9001501,9.744740389,-75.48927031,R0
col,9001500,9.746568228,-75.5368096,R0
col,9002203,9.214741455,-74.95620097,R0
col,9002220,9.215334773,-75.17741031,R0
col,9002250,9.237492615,-75.05584629,R0
col,9002157,9.284718427,-75.16030003,R0
col,9003083,8.625003932,-74.89656908,R0
col,9002847,8.775100536,-74.76551829,R0
col,9003016,8.68905365,-74.74588072,R0
col,9002623,8.95784184,-74.83964181,R0
col,9002597,8.962948307,-74.80667881,R0
col,9002518,8.994166669,-74.80083334,R0
col,9002748,8.930822776,-74.64315188,R0
col,9002496,9.031281863,-74.75709718,R0
col,9002573,9.008626172,-74.73717767,R0
col,9002810,8.794161863,-74.75948588,R0
col,9002808,8.853893037,-74.82302272,R0
col,9001721,9.567314457,-75.51370018,R0
col,9001703,9.570723271,-75.55953775,R0
col,9001700,9.574625533,-75.53403393,R0
col,9001699,9.580385521,-75.49897264,R0
col,9001750,9.558175102,-75.53201461,R0
col,9001884,9.428660836,-75.38386039,R0
col,9001656,9.622821769,-75.445988,R0
col,9001889,9.435913836,-75.50986671,R0
col,9014252,3.340138839,-74.85917695,R0
col,9014241,3.341673852,-75.02018563,R0
col,9014279,3.285678299,-74.98273295,R0
col,9010974,4.599318325,-74.94203419,R0
col,9010901,4.634249846,-74.98663959,R0
col,9010872,4.624236277,-74.91831217,R0
col,9011249,4.540053506,-74.96954117,R0
col,9011329,4.517353004,-74.96257058,R0
col,9010859,4.628230408,-74.89796167,R0
col,9010320,4.848750004,-74.76458334,R0
col,9010675,4.716652084,-74.87617171,R0
col,9010561,4.789590276,-74.76307765,R0
col,9010306,4.898651555,-74.74283016,R0
col,9010916,4.612963957,-75.09003277,R0
col,9011070,4.567092936,-75.14022639,R0
col,9009936,5.041484335,-74.81144192,R0
col,9010149,4.957968171,-74.90905102,R0
col,9014125,3.400801039,-75.60483191,R0
col,9014317,3.282996488,-75.61100163,R0
col,9014230,3.323210627,-75.61058851,R0
col,9014124,3.347916671,-75.61645834,R0
col,9014173,3.372862845,-75.71616599,R0
col,9013901,3.448315012,-75.67971717,R0
col,9013767,3.55527881,-75.4155489,R0
col,9013769,3.475097322,-75.50945106,R0
col,9014132,3.412188761,-75.54179131,R0
col,9014127,3.37806383,-75.39426499,R0
col,9013960,3.4215611,-75.35626422,R2
col,9011120,4.527180862,-75.42863814,R0
col,9011607,4.387766407,-75.47401307,R0
col,9011368,4.434796982,-75.39283687,R0
col,9011326,4.438721159,-75.44553506,R0
col,9012113,4.166676772,-74.75259327,R0
col,9011992,4.190158312,-74.73006025,R0
col,9011922,4.223711353,-74.74564779,R0
col,9009836,5.076629047,-75.14447799,R0
col,9013797,3.497512271,-75.58102271,R0
col,9013754,3.479850277,-75.51081626,R0
col,9013806,3.467008201,-75.5459872,R0
col,9013292,3.716155846,-75.28566346,R0
col,9013089,3.806899407,-75.58908877,R0
col,9013244,3.717624038,-75.65534786,R0
col,9012592,3.931933597,-75.73731026,R0
col,9012801,3.894787141,-75.692103,R0
col,9012833,3.842940798,-75.68152527,R0
col,9012847,3.883477006,-75.79097775,R0
col,9013227,3.682999469,-75.52330426,R0
col,9013209,3.711792848,-75.5214327,R0
col,9013366,3.639987697,-75.4938258,R0
col,9013322,3.674820443,-75.46559952,R0
col,9013331,3.660911203,-75.3939473,R0
col,9013013,3.814337732,-75.45168955,R0
col,9011728,4.297347831,-75.03126544,R0
col,9011904,4.240937195,-74.95788958,R0
col,9011779,4.26885431,-74.92253455,R0
col,9011707,4.403193998,-74.83650527,R0
col,9013090,3.752905813,-75.23817185,R0
col,9013211,3.70451675,-74.99517165,R0
col,9013091,3.745527303,-75.01137155,R100
col,9013318,3.67236199,-75.09159099,R10
col,9012378,4.064213588,-74.67270402,R0
col,9012390,4.01601245,-74.67533819,R0
col,9012562,3.981343835,-74.74080156,R0
col,9012611,3.94254297,-74.67912596,R0
col,9012659,3.922150694,-74.77183431,R0
col,9012735,3.891968037,-74.74413005,R5
col,9013421,3.639592244,-74.82187655,R0
col,9013756,3.519125715,-74.99076968,R0
col,9012377,4.138851373,-74.81716987,R0
col,9009918,5.070794468,-74.89319703,R0
col,9009928,5.030075829,-74.94619571,R0
col,9011754,4.28085582,-74.78220788,R0
col,9011741,4.284277834,-74.89576128,R0
col,9009758,5.152507674,-75.00200042,R0
col,9012596,3.952199072,-74.96838069,R0
col,9012401,4.148263965,-75.07255102,R0
col,9012385,4.015000004,-74.86458334,R0
col,9012386,4.078651958,-74.93233987,R0
col,9009755,5.100176021,-75.15772955,R0
col,9009872,5.056534135,-75.1836474,R0
col,9010004,5.017965474,-75.20689289,R0
col,9009580,5.185451115,-74.74856451,R2
col,9009660,5.172809008,-74.72262718,R0
col,9009844,5.095971661,-74.7220684,R0
col,9009472,5.247141208,-74.72845853,R0
col,9012165,4.176909186,-74.4935304,R0
col,9010560,4.783031486,-74.89938168,R0
col,9010327,4.882618591,-74.8436377,R0
col,9010388,4.841429137,-75.01826429,R0
col,9010290,4.864753426,-75.03106249,R10
col,9009419,5.29273422,-74.9153752,R0
col,9009420,5.240151196,-74.88309618,R0
col,9009381,5.257344018,-74.90491478,R0
col,9009442,5.223948786,-74.91468256,R0
col,9009481,5.236343251,-74.80696971,R0
col,9010379,4.82046698,-75.22053035,R0
col,9010369,4.83687321,-75.23240377,R0
col,9010372,4.851339289,-75.1142542,R0
col,9014027,3.415453604,-75.15646773,R0
col,9013563,3.575917148,-75.16905878,R0
col,9014014,3.401700841,-75.2740644,R0
col,9013510,3.624659575,-75.06560099,R0
col,9013406,3.63763658,-74.97194892,R0
col,9013261,3.681609789,-75.02783539,R0
col,9013564,3.563623,-75.0822486,R0
col,9013878,3.495117122,-75.10116258,R0
col,9012843,3.845207327,-75.2013219,R0
col,9012999,3.810001572,-75.20094474,R0
col,9012778,3.862969825,-75.17014298,R0
col,9012894,3.811909371,-75.32541959,R0
col,9012877,3.844312223,-75.28957465,R0
col,9012749,3.875687293,-75.27901056,R0
col,9012759,3.872810948,-75.21200082,R0
col,9012649,3.942919424,-75.21161088,R0
col,9012730,3.887966342,-75.1349129,R0
col,9012650,3.920971069,-75.08955846,R0
col,9012566,3.973367465,-75.10655445,R0
col,9011238,4.47797288,-74.93272685,R0
col,9011100,4.544529849,-74.8036864,R0
col,9011229,4.530970479,-74.87364397,R0
col,9011420,4.441843155,-74.96670571,R0
col,9015119,2.995680307,-75.85442129,R0
col,9015003,3.024871908,-75.84708147,R0
col,9014949,3.037130842,-75.81905199,R0
col,9014950,3.044862833,-75.77567846,R0
col,9014928,3.068550862,-75.90913188,R0
col,9015125,3.003183418,-75.76185152,R0
col,9014485,3.228923554,-75.62660579,R0
col,9014247,3.296003116,-75.62336859,R0
col,9014543,3.177872361,-75.66742901,R0
col,9014717,3.192026298,-75.60128276,R0
col,9014932,3.107063353,-75.67755012,R0
col,9014406,3.228182233,-75.87070045,R2
col,9014426,3.265820801,-75.75947579,R0
col,9014265,3.305841541,-75.77825548,R0
col,9013051,3.757679932,-74.80370426,R0
col,9013041,3.760011742,-74.84063374,R0
col,9013033,3.770442915,-74.91407556,R0
col,9013257,3.706161335,-74.81834561,R0
col,9013263,3.73179362,-74.73253352,R0
col,9013135,3.71906857,-74.97556722,R0
col,9013127,3.74108772,-74.97391527,R0
col,9013014,3.781555668,-74.96528599,R0
col,9012721,3.933621344,-74.88183717,R0
col,9012991,3.83832713,-74.82203358,R0
col,9012434,4.004695215,-74.86410386,R0
col,9012910,3.840702498,-74.93253908,R0
col,9013405,3.653681081,-75.85336342,R0
col,9014512,3.197074974,-75.93503095,R0
col,9014384,3.256810593,-75.84035974,R0
col,9014297,3.285637214,-75.89246482,R0
col,9014006,3.406446609,-75.82788771,R2
col,9013945,3.427664061,-75.93739305,R2
col,9013908,3.427674937,-75.74272322,R2
col,9013887,3.447512782,-75.8443055,R2
col,9013820,3.48511123,-75.92480072,R2
col,9013781,3.549637702,-75.74476385,R0
col,9013427,3.610706637,-75.86988772,R2
col,9013823,3.458670393,-75.62212461,R0
col,9013789,3.469726315,-75.66340483,R0
col,9013782,3.498814661,-75.65996447,R0
col,9013824,3.457967649,-75.57904069,R0
col,9012411,4.004670549,-75.59517654,R0
col,9012394,4.01418056,-75.5577495,R0
col,9012393,4.030226146,-75.62814063,R0
col,9012384,4.033589947,-75.55067885,R0
col,9012008,4.170818393,-75.60259525,R0
col,9012004,4.17916369,-75.59816421,R0
col,9012155,4.138725579,-75.51904295,R0
col,9012074,4.184682502,-75.31911808,R0
col,9012098,4.153069374,-75.35724109,R0
col,9011944,4.199534635,-75.39260515,R0
col,9011907,4.216359484,-75.39229727,R2
col,9012153,4.131927382,-75.26824629,R0
col,9012077,4.148560698,-75.44224574,R0
col,9012389,4.057126101,-75.38821894,R0
col,9012980,3.829509339,-75.02301782,R100
col,9012395,4.041736667,-75.13948266,R0
col,9012428,4.06176712,-75.20317202,R0
col,9011730,4.300775825,-75.09056469,R0
col,9010855,4.684849038,-75.07535863,R0
col,9010535,4.781177476,-75.04274333,R0
col,9010899,4.617287029,-74.84113061,R0
col,9010857,4.628244432,-74.87177839,R0
col,9010091,5.018525756,-75.12224418,R0
col,9010208,4.920414084,-75.10544884,R0
col,9012056,4.161454792,-76.22971207,R0
col,9010476,4.787599079,-75.95768749,R0
col,9010427,4.799926439,-75.9407749,R0
col,9010417,4.834462066,-75.99997682,R0
col,9010408,4.840753082,-75.91363599,R0
col,9010551,4.764464317,-76.01252327,R0
col,9010787,4.656233967,-76.18779417,R0
col,9011589,4.346017904,-76.20403585,R0
col,9011632,4.335074278,-76.16490708,R0
col,9011542,4.377038122,-76.53182662,R0
col,9011548,4.354519207,-76.35588651,R0
col,9011545,4.369555125,-76.35399389,R0
col,9011596,4.344888746,-76.5057029,R0
col,9011601,4.345349996,-76.43774788,R0
col,9013009,3.820727936,-76.37948431,R0
col,9012915,3.8400753,-76.32272527,R0
col,9012693,3.896555866,-76.29113818,R0
col,9012639,3.91162238,-76.08778484,R0
col,9012700,3.894776771,-75.97232765,R0
col,9012876,3.856167966,-76.01968321,R10
col,9011791,4.289709314,-76.19274825,R0
col,9012217,4.161136775,-76.12745544,R0
col,9011952,4.225087742,-76.23200631,R0
col,9011753,4.290095776,-75.7920732,R0
col,9011653,4.354694683,-75.79682661,R0
col,9011438,4.404724799,-75.82655397,R0
col,9011403,4.411347031,-75.85899957,R0
col,9012666,3.912188878,-76.6081731,R0
col,9012729,3.913078308,-76.51653247,R0
col,9012665,3.972422769,-76.7791277,R0
col,9014278,3.306223436,-76.54043219,R0
col,9013838,3.463625595,-76.53883899,R0
col,9013936,3.425877703,-76.47115148,R0
col,9013862,3.438958338,-76.47104167,R0
col,9010581,4.736348428,-76.21183946,R0
col,9010575,4.750407789,-76.20702172,R0
col,9010786,4.699587774,-76.18844563,R0
col,9013390,3.642104003,-76.09272033,R0
col,9013190,3.699292064,-76.41999191,R0
col,9013184,3.718016974,-76.41255802,R0
col,9013132,3.72450558,-76.39247962,R0
col,9013393,3.620954346,-76.09768024,R2
col,9011191,4.575101308,-76.27543593,R0
col,9011224,4.498546041,-76.30063448,R0
col,9014225,3.304455124,-76.16070091,R0
col,9014217,3.33011463,-76.15984798,R0
col,9013185,3.716398026,-76.31754459,R0
col,9013097,3.754658978,-76.25756312,R0
col,9013099,3.745331092,-76.380688,R0
col,9014762,3.124733942,-76.71850333,R2
col,9014733,3.113333338,-76.54500001,R0
col,9014589,3.158128549,-76.5334711,R0
col,9014473,3.213134873,-76.58789148,R0
col,9014397,3.25338098,-76.56644944,R0
col,9014324,3.271175581,-76.50355858,R0
col,9013005,3.767155322,-76.63857114,R0
col,9013210,3.730855043,-76.6170103,R0
col,9011157,4.542658454,-76.05527038,R0
col,9011303,4.474536668,-76.08720535,R0
col,9011276,4.514745345,-75.87324529,R0
col,9011151,4.539177435,-76.01071403,R0
col,9011256,4.480696778,-76.05980658,R0
col,9013818,3.464624578,-76.4455303,R0
col,9013796,3.475672398,-76.35269659,R0
col,9013654,3.522679363,-76.4472618,R0
col,9013611,3.551472092,-76.45852433,R0
col,9013525,3.595349687,-76.45733829,R0
col,9013858,3.457439842,-76.4700939,R0
col,9013780,3.473278044,-76.46846683,R0
col,9013762,3.485086268,-76.47649763,R0
col,9013728,3.511068427,-76.47520619,R0
col,9013373,3.651085167,-76.06683422,R5
col,9013651,3.560306247,-76.20404687,R0
col,9013437,3.615081907,-76.18437832,R0
col,9013445,3.608580017,-76.08245312,R0
col,9013561,3.589868532,-76.3752229,R0
col,9014005,3.405139445,-76.26699183,R0
col,9013053,3.756825598,-76.59841206,R0
col,9013078,3.747008562,-76.55490894,R0
col,9013050,3.79176927,-76.54494972,R0
col,9012073,4.170810959,-76.25577931,R0
col,9012015,4.179207486,-76.24801521,R0
col,9012140,4.152065812,-76.35215031,R0
col,9012072,4.15953286,-76.29803498,R0
col,9011424,4.420920467,-76.10748696,R0
col,9011344,4.438898079,-76.11356999,R0
col,9011858,4.260967101,-76.03153699,R0
col,9011703,4.299931666,-76.016935,R0
col,9011625,4.367381596,-75.86360964,R0
col,9010888,4.68370242,-76.01607715,R0
col,9010898,4.611138841,-76.02434875,R0
col,9010962,4.595913188,-76.03077785,R0
col,9011998,4.183414373,-76.34305572,R0
col,9012223,4.115226131,-76.29063399,R0
col,9012225,4.077406415,-76.30588618,R0
col,9012628,4.007608884,-76.1458499,R0
col,9012669,3.902825003,-76.05569796,R2
col,9012676,3.897966753,-75.99952738,R0
col,9012221,4.090550461,-76.18171866,R0
col,9012653,3.906461172,-75.95199697,R0
col,9012173,4.13698492,-76.21830841,R0
col,9012374,4.117151282,-75.9234718,R0
col,9012266,4.07964398,-76.01162381,R0
col,9010651,4.724601215,-75.80150892,R0
col,9013096,3.747800701,-76.40301852,R0
col,9012723,3.895205409,-76.35398795,R0
col,9012627,3.972140364,-76.32819504,R0
col,9012368,4.026116382,-76.31095217,R0
col,9012334,4.055795851,-76.30665891,R0
col,9013379,3.633500707,-76.45432666,R0
col,9013330,3.672894945,-76.43654273,R0
col,9013570,3.559802759,-76.46345576,R0
col,9013385,3.620625005,-76.45854167,R0
col,9011702,4.31278277,-76.09212094,R0
col,9011539,4.368437398,-76.07844733,R0
col,9011551,4.379121084,-76.13995457,R0
col,9006585,6.615467833,-70.31729568,R0
col,9006868,6.469712007,-69.74877492,R0
col,9007405,6.17914422,-69.60466838,R0
col,9007315,6.212892253,-69.66463929,R0
col,9007234,6.244583337,-69.74437501,R0
col,9007235,6.25470332,-69.7595321,R0
col,9006999,6.376376763,-69.88853218,R0
col,9006951,6.407417388,-69.84993618,R0
col,9006867,6.433878073,-69.82202816,R0
col,9006751,6.510721972,-69.8689461,R0
col,9007263,6.239855388,-69.8312004,R0
col,9007006,6.382678998,-70.00841131,R0
col,9006972,6.383919433,-69.91575848,R0
col,9006934,6.404403629,-70.067869,R0
col,9006970,6.409261937,-69.97060797,R0
col,9006897,6.464990961,-70.10308916,R0
col,9007181,6.281813887,-69.77162416,R0
col,9007185,6.281155239,-69.79130407,R0
col,9007186,6.267512269,-69.77934435,R0
col,9007621,6.045057212,-69.86641246,R0
col,9007477,6.12336065,-69.91198945,R0
col,9007200,6.265003767,-70.11777588,R0
col,9007199,6.275506314,-70.14282867,R0
col,9007159,6.288350752,-70.17475717,R0
col,9007476,6.156855443,-70.00405338,R0
col,9007282,6.253618438,-70.58649231,R0
col,9007133,6.333421323,-70.29768088,R0
col,9007024,6.355778564,-70.5619111,R0
col,9006994,6.375735949,-70.43039682,R0
col,9006956,6.389375003,-70.43062501,R0
col,9006969,6.404893708,-70.48458873,R0
col,9006955,6.415291818,-70.44964194,R0
col,9006866,6.447922762,-70.56394339,R0
col,9006807,6.468676775,-70.65831972,R0
col,9007624,6.046743247,-69.67934488,R0
col,9007608,6.078889769,-69.46572403,R0
col,9006731,6.518325751,-70.5270732,R0
col,9007130,6.351486163,-70.19306367,R0
col,9006941,6.396025716,-70.26211246,R0
col,9006937,6.480445653,-70.35696318,R0
col,9006407,6.718956144,-72.0904223,R2
col,9006505,6.675091112,-71.49911615,R0
col,9006438,6.737146609,-71.66892183,R2
col,9006598,6.645975572,-71.97002719,R5
col,9007482,6.120827152,-72.25310572,R0
col,9007259,6.256700834,-71.64361108,R0
col,9007069,6.348381161,-71.51510876,R0
col,9007142,6.301858183,-71.47503751,R0
col,9007073,6.32634363,-71.41995917,R0
col,9007055,6.352357949,-71.41210982,R0
col,9007154,6.313497088,-71.32191573,R0
col,9007177,6.313862026,-71.70990636,R0
col,9007401,6.199266104,-71.77204422,R0
col,9007266,6.22717362,-71.62827215,R0
col,9007333,6.230534615,-71.42825854,R0
col,9007260,6.250460281,-71.76582099,R0
col,9007449,6.139846278,-72.06108871,R2
col,9007396,6.16224013,-71.91408189,R0
col,9007377,6.262964128,-72.02507118,R5
col,9007204,6.291723425,-71.93254459,R0
col,9007184,6.302311573,-71.8882667,R0
col,9007038,6.350389472,-72.14126962,R10
col,9007039,6.358120519,-72.17280605,R2
col,9006983,6.409391897,-71.81622935,R2
col,9007573,6.07616423,-72.11656333,R0
col,9007572,6.088268599,-72.18351871,R0
col,9007524,6.165152073,-72.17725011,R0
col,9007394,6.167681221,-72.09387934,R2
col,9007395,6.173484148,-72.07365065,R0
col,9006843,6.496916639,-71.54393549,R0
col,9006641,6.562021606,-71.43050242,R0
col,9006637,6.598232535,-71.51369376,R0
col,9006980,6.397512106,-71.57065545,R0
col,9006914,6.451495002,-71.53533971,R0
col,9006760,6.513737829,-71.77064663,R2
col,9006662,6.559193184,-71.71347815,R0
col,9006580,6.638685869,-71.92086304,R2
col,9009491,5.201640922,-72.84478019,R0
col,9007431,6.191975527,-72.30138165,R0
col,9007523,6.121886508,-72.329122,R0
col,9010905,4.61920153,-72.29569562,R0
col,9010924,4.656240427,-72.48714312,R0
col,9010906,4.677192286,-72.32462776,R0
col,9010865,4.722679687,-72.47463803,R0
col,9011425,4.428866457,-72.35037507,R0
col,9011345,4.512577612,-72.24322299,R0
col,9011393,4.515130248,-72.34764755,R0
col,9011245,4.485805513,-72.39937551,R0
col,9011330,4.432916671,-72.11500001,R0
col,9011331,4.478900404,-72.11144987,R0
col,9011507,4.406712677,-71.9802588,R0
col,9011261,4.469988698,-71.94003474,R0
col,9011247,4.474622614,-71.99522095,R0
col,9011240,4.510581159,-72.00333454,R0
col,9010976,4.582676766,-71.76262431,R0
col,9010657,4.742599408,-71.99564379,R0
col,9010730,4.766150802,-72.13239587,R0
col,9010741,4.683977135,-72.12489474,R0
col,9010531,4.787450931,-72.25796643,R0
col,9010380,4.843203219,-72.32987514,R0
col,9010393,4.823815262,-72.34510771,R0
col,9010278,4.895876569,-72.34387592,R0
col,9010543,4.748392561,-72.21944036,R0
col,9010532,4.939822972,-72.2843913,R0
col,9010277,4.94206488,-72.39990392,R0
col,9010610,4.736729019,-72.26632176,R0
col,9010975,4.58316896,-71.97582593,R0
col,9010942,4.634601499,-72.04856838,R0
col,9010953,4.648601096,-71.95208445,R0
col,9011114,4.545483444,-71.91087854,R0
col,9011108,4.545860727,-71.83589947,R0
col,9011019,4.565336939,-71.84504455,R0
col,9010970,4.651168606,-72.11256069,R0
col,9010660,4.732963702,-72.02506169,R0
col,9008646,5.64029685,-72.04394143,R0
col,9008920,5.471143275,-71.92242537,R0
col,9009066,5.422863708,-71.84080876,R0
col,9008854,5.502622595,-72.06230498,R0
col,9008829,5.527431113,-72.0008153,R0
col,9008582,5.583579854,-72.2473201,R0
col,9008583,5.607082448,-72.22022821,R0
col,9008662,5.565153489,-72.24419486,R0
col,9008476,5.663735465,-72.20061368,R0
col,9010392,4.847721198,-71.16479577,R0
col,9009863,5.051188676,-70.98764807,R0
col,9010226,4.902747835,-71.10362623,R0
col,9010227,4.958774111,-71.0241962,R0
col,9009930,5.022525258,-71.14614833,R0
col,9010527,4.757734106,-71.37932905,R0
col,9010492,4.772259048,-71.36215612,R0
col,9010495,4.801206234,-71.39155389,R0
col,9010283,4.905845734,-71.34472282,R0
col,9009771,5.150257205,-71.36595962,R0
col,9009791,5.087988895,-71.38791975,R0
col,9010680,4.718312097,-71.44267941,R0
col,9010604,4.770828692,-71.481692,R0
col,9010115,4.965924748,-71.53798086,R0
col,9010198,5.086828956,-71.50295134,R0
col,9010679,4.821105874,-71.62044918,R0
col,9010000,4.999422254,-71.80676094,R0
col,9010099,4.975746088,-71.7694825,R0
col,9010100,4.95604167,-71.73479168,R0
col,9010114,5.039793162,-71.65764005,R0
col,9010714,4.698817092,-71.56442072,R0
col,9010564,4.937533488,-71.80386949,R0
col,9010627,4.727663409,-71.61157164,R0
col,9010602,4.73412313,-71.62788531,R0
col,9010318,4.914047509,-71.88742867,R0
col,9010047,4.987650697,-71.93524419,R0
col,9010046,4.997755032,-71.97904473,R0
col,9010977,4.615425271,-71.74108816,R0
col,9010819,4.653545626,-71.76971826,R0
col,9010688,4.741146204,-71.69947887,R0
col,9010818,4.737806638,-71.84337157,R0
col,9010317,4.89049169,-71.97119664,R0
col,9010207,4.907294929,-72.10772421,R0
col,9010177,4.918698078,-72.07448281,R0
col,9010951,4.683909196,-71.87796502,R0
col,9008076,5.841328155,-70.41912871,R0
col,9008013,5.888974024,-70.59766918,R0
col,9007808,5.952025128,-70.52321554,R0
col,9007783,5.958837717,-70.51019636,R0
col,9008062,5.859149124,-70.32303314,R0
col,9008071,5.828637086,-70.2947141,R0
col,9008096,5.821620854,-70.34451133,R0
col,9008063,5.831991046,-70.2434677,R0
col,9008081,5.82729167,-70.24187501,R0
col,9008059,5.835000003,-70.23416668,R0
col,9007811,5.969015133,-70.25172457,R0
col,9008121,5.81896164,-70.22057371,R0
col,9008042,5.848889974,-70.18849957,R0
col,9008145,5.819769309,-70.16150228,R0
col,9008033,5.893502184,-70.07280615,R0
col,9007815,5.950643858,-69.95484585,R0
col,9007598,6.086515424,-70.07034503,R0
col,9007596,6.053956953,-70.41071188,R0
col,9007600,6.074103167,-70.34700578,R0
col,9007520,6.095308971,-70.27135565,R0
col,9007509,6.101403077,-70.70909364,R0
col,9007632,6.065387012,-70.78761585,R0
col,9007584,6.081145097,-70.6389803,R0
col,9007646,6.036059313,-70.86665678,R0
col,9007627,6.050347675,-71.12884706,R0
col,9007693,6.021494911,-71.2399746,R0
col,9007894,5.911806396,-71.96895724,R0
col,9008088,5.84227181,-71.58831305,R0
col,9008129,5.81129186,-71.73803697,R0
col,9007760,6.000823252,-69.8663117,R0
col,9007678,6.019012444,-69.84560008,R0
col,9008850,5.496613393,-70.73663045,R0
col,9008856,5.486976691,-70.54016073,R0
col,9008846,5.500291282,-70.68755649,R0
col,9008911,5.468714849,-70.66955104,R0
col,9008971,5.436664544,-70.78807621,R0
col,9008895,5.511213044,-71.1638271,R0
col,9008928,5.58661637,-71.14249256,R0
col,9009000,5.432458851,-71.00689672,R0
col,9008941,5.470585192,-71.29319977,R0
col,9008723,5.540755834,-71.29304471,R0
col,9008672,5.616631741,-71.3748794,R0
col,9008404,5.683465711,-71.56224712,R0
col,9008401,5.691630961,-71.52081245,R0
col,9008614,5.578149264,-71.65345934,R0
col,9008734,5.651968575,-71.63602573,R0
col,9008097,5.828314715,-70.54612039,R0
col,9008200,5.775451298,-70.67386825,R0
col,9008148,5.897333012,-70.8593188,R0
col,9008301,5.847709013,-70.95491265,R0
col,9007958,5.871292262,-71.18127187,R0
col,9008131,5.833711366,-71.14085749,R0
col,9008291,5.763888862,-71.06082529,R0
col,9008003,5.86317033,-71.21638843,R0
col,9008182,5.78673236,-71.20439536,R0
col,9007910,5.915295157,-71.38185475,R0
col,9007947,5.887375141,-71.46742307,R0
col,9007816,5.969209587,-71.30469642,R0
col,9008445,5.65918171,-70.1015304,R0
col,9008448,5.649166671,-70.11083334,R0
col,9008014,5.854187565,-69.97137659,R0
col,9008472,5.728634931,-70.47152695,R0
col,9008517,5.625535496,-70.72589487,R0
col,9008499,5.663712697,-70.68041968,R0
col,9008518,5.615791045,-70.57890508,R0
col,9008500,5.657964158,-70.57671007,R0
col,9008506,5.61916667,-70.57083334,R0
col,9008563,5.604871,-70.59539489,R0
col,9008473,5.658997455,-70.20222248,R0
col,9008745,5.566950082,-70.50391082,R0
col,9008488,5.634997236,-70.39322959,R0
col,9008397,5.696443453,-70.99093365,R0
col,9008449,5.65645187,-70.98588544,R0
col,9008537,5.619179508,-70.92698552,R0
col,9008466,5.655094194,-70.91850131,R0
col,9008493,5.630102986,-70.87436328,R0
col,9008510,5.619422557,-70.86653637,R0
col,9008376,5.723189108,-70.86301652,R0
col,9008316,5.740682466,-71.24912178,R0
col,9009480,5.233828279,-72.82435806,R0
col,9009568,5.184149145,-72.79810796,R0
col,9009528,5.230384457,-72.72570519,R0
col,9010584,4.776719588,-73.05808675,R0
col,9010384,4.849199808,-73.05911494,R0
col,9010245,4.886046154,-73.01637909,R0
col,9010244,4.930742577,-73.04042844,R0
col,9007566,6.088373783,-72.25407687,R0
col,9007605,6.058373862,-72.14414042,R0
col,9007525,6.108519159,-72.07722088,R0
col,9009843,5.082745341,-70.97369405,R0
col,9009718,5.120525917,-70.99048057,R0
col,9009681,5.157406883,-70.93729493,R0
col,9009957,5.023697197,-71.05045641,R0
col,9009911,5.046960006,-71.12188664,R0
col,9009913,5.05711849,-71.17753999,R0
col,9009967,5.037991107,-71.23821435,R0
col,9009510,5.221648069,-71.5655103,R0
col,9009461,5.242889665,-71.47045972,R0
col,9009316,5.283819048,-71.72622157,R0
col,9009317,5.329570297,-71.74896193,R0
col,9009631,5.156900951,-71.7814762,R0
col,9009632,5.186549979,-71.76655736,R0
col,9009093,5.383054119,-71.899778,R0
col,9008910,5.469061712,-71.87295724,R0
col,9010001,5.225370031,-71.9542303,R0
col,9009672,5.154216722,-72.02073448,R0
col,9009554,5.250816926,-72.07442754,R0
col,9007913,5.91574418,-72.13901995,R0
col,9007844,5.956096491,-72.06836995,R0
col,9007961,5.88685726,-72.33227852,R0
col,9007957,5.891628802,-72.27603574,R0
col,9008295,5.762945095,-72.11280826,R0
col,9008323,5.790945138,-72.20261869,R0
col,9010990,4.62047288,-72.56962929,R0
col,9011000,4.704230066,-72.65411691,R0
col,9011068,4.678612981,-72.54664522,R0
col,9011627,4.350578387,-72.35968753,R0
col,9011378,4.488587954,-72.72704153,R0
col,9011379,4.510521753,-72.6620524,R0
col,9011578,4.354749445,-72.5392716,R0
col,9011067,4.554273557,-72.53390358,R0
col,9011553,4.385811517,-72.66404617,R0
col,9011554,4.409666691,-72.48853284,R0
col,9011618,4.335233231,-72.47801181,R0
col,9011246,4.497645024,-72.45427756,R0
col,9011555,4.371418949,-72.41007192,R0
col,9011644,4.317766951,-72.5973417,R0
col,9009946,5.048511445,-72.76826456,R0
col,9010118,4.984746906,-72.59643273,R0
col,9010189,4.912859862,-72.54249552,R0
col,9010236,4.912478214,-72.64544905,R0
col,9010241,4.890746942,-72.50845632,R0
col,9011661,4.312062583,-72.58799676,R0
col,9011577,4.449054874,-72.8506267,R0
col,9010948,4.617516061,-72.9789184,R0
col,9010947,4.655155767,-73.01966218,R0
col,9010923,4.612089751,-72.78281345,R0
col,9010999,4.58516004,-72.76429555,R0
col,9011073,4.564376929,-72.82609174,R0
col,9011711,4.299072125,-72.69028093,R0
col,9011676,4.309139541,-72.63778239,R0
col,9011646,4.330375679,-72.68534032,R0
col,9011552,4.390089802,-72.70767348,R0
col,9011710,4.298169551,-72.71565711,R0
col,9020052,1.177856733,-76.95894089,R2
col,9021156,0.783253341,-76.58150485,R0
col,9021606,0.648968585,-76.59130821,R0
col,9021407,0.692200635,-76.63522321,R0
col,9021367,0.708643289,-76.66062243,R0
col,9021376,0.714794073,-76.68349118,R0
col,9021408,0.73174055,-76.60357844,R0
col,9021723,0.680175156,-76.43119549,R0
col,9021470,0.708233888,-76.34598183,R0
col,9020413,1.079755104,-76.92732536,R0
col,9020193,1.13677426,-76.99008664,R0
col,9021988,0.506944999,-76.78843008,R0
col,9022061,0.482476883,-76.81797192,R0
col,9022577,0.373731761,-77.02320174,R0
col,9022680,0.313250784,-76.84780203,R0
col,9035572,-3.356605399,-70.37841725,R0
col,9035511,-3.350838732,-70.39888628,R0
col,9035245,-3.257519795,-70.37097055,R0
col,9037308,-3.800229932,-70.33875283,R0
col,9037322,-3.805616777,-70.31424957,R0
col,9036968,-3.714882711,-70.3287083,R0
col,9036882,-3.696327083,-70.35165862,R0
col,9036802,-3.668361809,-70.42161287,R0
col,9036797,-3.629171316,-70.38270967,R0
col,9037649,-3.872896845,-70.49155124,R0
col,9037650,-3.851769241,-70.44047529,R0
col,9037117,-3.753383156,-70.51489318,R0
col,9037438,-3.795469468,-70.43793155,R0
col,9037111,-3.70594009,-70.55569039,R0
col,9037611,-3.778728091,-70.66367452,R0
col,9036201,-3.531489265,-70.12200865,R0
col,9036280,-3.537852243,-70.17302795,R0
col,9036510,-3.577395386,-70.11798551,R0
col,9036710,-3.640186641,-70.13254317,R0
col,9036344,-3.573113555,-69.99812102,R0
col,9036339,-3.567558416,-69.98089816,R0
col,9035922,-3.465850743,-69.96323596,R0
col,9035911,-3.41819612,-69.91004776,R0
col,9036172,-3.497904506,-69.9024782,R0
col,9036345,-3.575761837,-69.98061888,R0
col,9036385,-3.55489037,-69.93628658,R0
col,9036484,-3.594783731,-69.98322586,R0
col,9036511,-3.595139258,-70.05739313,R0
col,9036546,-3.600277632,-70.00934393,R0
col,9036173,-3.522208785,-69.87742227,R0
col,9036216,-3.528160176,-69.86346159,R0
col,9036127,-3.507149489,-69.84765052,R0
col,9036071,-3.500381464,-69.82450274,R0
col,9036047,-3.488860515,-69.8128096,R0
col,9035947,-3.476316343,-69.81123872,R0
col,9034402,-3.062627896,-70.04292434,R0
col,9034473,-3.08020028,-69.97985014,R0
col,9034535,-3.107111833,-70.10038784,R0
col,9034753,-3.144649763,-70.02590268,R0
col,9034839,-3.047679167,-69.84573214,R0
col,9035180,-3.219143102,-70.09165083,R0
col,9034651,-3.161021024,-70.16030547,R0
col,9034657,-3.154265282,-70.15006574,R0
col,9035778,-3.395185257,-70.26959374,R0
col,9035577,-3.377056702,-70.24502552,R0
col,9035394,-3.27476804,-70.28337094,R0
col,9035350,-3.271004931,-70.18419293,R0
col,9034818,-3.198191929,-70.3036656,R0
col,9034791,-3.188359857,-70.2489885,R0
col,9034792,-3.181795953,-70.18630688,R0
col,9037598,-3.837838361,-70.04694848,R0
col,9037599,-3.827638047,-70.01609585,R0
col,9037822,-3.892824111,-69.99077993,R0
col,9037823,-3.903371789,-69.9312658,R0
col,9037989,-3.935120173,-69.88850304,R0
col,9037872,-3.896194992,-70.18831651,R0
col,9038372,-4.023598007,-70.14146074,R0
col,9038987,-4.170509842,-69.99302557,R0
col,9038684,-4.098280852,-69.97683024,R0
col,9038988,-4.156629979,-69.95739666,R0
col,9038685,-4.112347768,-69.94441214,R0
col,9037571,-3.822987209,-70.25592415,R0
col,9037623,-3.824912558,-70.22818796,R0
col,9037871,-3.894999992,-70.21916668,R0
col,9037622,-3.862916659,-70.25125001,R0
col,9037323,-3.767878979,-70.30884416,R0
col,9036969,-3.723840999,-70.31558731,R2
col,9036883,-3.685383027,-70.3356307,R0
col,9033719,-2.927530394,-69.70073669,R0
col,9032009,-2.436172189,-70.42703756,R0
col,9031707,-2.37751788,-70.40225795,R0
col,9031708,-2.376234527,-70.37938285,R0
col,9032209,-2.473297043,-70.15905245,R0
col,9032339,-2.459105553,-69.98659573,R0
col,9032432,-2.56100783,-70.20468299,R0
col,9032208,-2.520596239,-70.18979917,R0
col,9032338,-2.535859501,-70.04952187,R0
col,9032812,-2.577048508,-69.92152066,R0
col,9032199,-2.505981247,-70.44035213,R0
col,9032315,-2.487631903,-70.26331569,R0
col,9032956,-2.73041666,-69.74208334,R0
col,9032951,-2.649322216,-69.7640683,R0
col,9032887,-2.624282949,-69.8581349,R0
col,9032957,-2.724994684,-69.74009912,R0
col,9033413,-2.790928969,-69.72100169,R0
col,9033593,-2.880379892,-69.70355335,R0
col,9033042,-2.74589905,-70.04866387,R0
col,9033043,-2.715845466,-69.97346575,R0
col,9032950,-2.711184358,-70.06729235,R0
col,9032675,-2.640861077,-70.0746133,R0
col,9032539,-2.615335594,-70.07145612,R0
col,9032540,-2.59627752,-70.043128,R0
col,9032886,-2.705146714,-69.90351497,R0
col,9033135,-2.754422482,-69.83909464,R0
col,9030793,-2.126006698,-70.11704491,R0
col,9030783,-2.092837134,-70.0437227,R0
col,9030378,-2.01734605,-70.06072799,R0
col,9031025,-2.189640073,-70.08338403,R0
col,9030974,-2.182702215,-70.28548018,R0
col,9030941,-2.178548943,-70.24437048,R0
col,9030925,-2.173096144,-70.30140183,R0
col,9030899,-2.169141096,-70.16694695,R0
col,9030906,-2.165334379,-70.06697592,R0
col,9030905,-2.163807742,-70.11054909,R0
col,9031064,-2.195146149,-70.21418847,R0
col,9031226,-2.211347231,-70.12982434,R0
col,9030917,-2.065517208,-70.35549646,R0
col,9030930,-2.148354023,-70.39888555,R0
col,9030662,-2.084829477,-70.49177847,R0
col,9030836,-2.150167909,-69.97542666,R0
col,9030805,-2.148292985,-70.02904501,R0
col,9030822,-2.144849055,-69.91559575,R0
col,9030798,-2.130643371,-69.85596341,R0
col,9030772,-2.104302618,-69.90060907,R0
col,9030666,-2.101097516,-69.73418199,R0
col,9031556,-2.247063631,-69.649901,R0
col,9030643,-2.101091903,-69.64656845,R0
col,9030644,-2.090059935,-69.62958457,R0
col,9030658,-2.107725822,-69.6188107,R0
col,9030641,-2.088099941,-69.58350739,R0
col,9030614,-2.04139481,-69.66838641,R0
col,9031029,-2.182035096,-69.94773597,R0
col,9031053,-2.165854788,-69.81075814,R0
col,9034187,-3.040365428,-70.00326129,R0
col,9034170,-2.991106248,-69.96389054,R0
col,9033637,-2.876550098,-70.00858591,R0
col,9034121,-2.988727567,-70.15282226,R0
col,9033634,-2.89974586,-69.88657458,R0
col,9033603,-2.871473868,-69.81743039,R0
col,9033817,-2.943700622,-69.89377038,R0
col,9033980,-2.974724439,-69.91281461,R0
col,9034772,-3.185845271,-70.29736574,R0
col,9032431,-2.574409547,-70.23641972,R0
col,9032369,-2.565698595,-70.2887119,R0
col,9032949,-2.694410884,-70.07048852,R0
col,9029627,-1.795601996,-73.35519686,R0
col,9029445,-1.749383084,-73.32540087,R0
col,9029251,-1.717444687,-73.51004859,R0
col,9029252,-1.696938559,-73.48210322,R0
col,9028588,-1.519675053,-73.32522785,R0
col,9028625,-1.554853205,-73.33425392,R0
col,9029338,-1.642370595,-73.26161787,R0
col,9029528,-1.801363195,-73.14793801,R2
col,9029527,-1.798116063,-73.16591594,R0
col,9032024,-2.448546098,-72.2602265,R0
col,9031955,-2.444297158,-72.15608493,R0
col,9031372,-2.295320397,-71.87891847,R0
col,9031009,-2.19014429,-71.79317463,R0
col,9031598,-2.35193416,-72.01760792,R0
col,9031647,-2.366886064,-71.92365751,R0
col,9031351,-2.208746329,-72.32124745,R0
col,9031399,-2.291496232,-72.33297196,R0
col,9031695,-2.387194694,-72.26223202,R0
col,9031666,-2.335392271,-72.22829764,R0
col,9031685,-2.376981545,-72.1618314,R0
col,9031555,-2.338473371,-72.12644381,R0
col,9031809,-2.38592298,-72.10145695,R0
col,9031594,-2.353178013,-72.09083234,R0
col,9031806,-2.392987387,-72.55030616,R0
col,9031807,-2.363659824,-72.51997351,R0
col,9031852,-2.428115981,-72.44552885,R0
col,9031343,-2.259677587,-72.57225025,R0
col,9031522,-2.32234678,-72.99036899,R0
col,9031725,-2.392084679,-72.93284977,R0
col,9031929,-2.425897876,-72.87003955,R0
col,9031915,-2.431801151,-72.66950273,R0
col,9031778,-2.385628404,-72.64453268,R0
col,9031578,-2.29220637,-72.71512209,R0
col,9031342,-2.251606058,-72.6034871,R0
col,9031679,-2.380180988,-72.78455445,R0
col,9031158,-2.225519774,-73.16667154,R0
col,9031159,-2.223904031,-73.09878873,R0
col,9030870,-2.121660567,-72.85597588,R0
col,9030871,-2.15737152,-72.80472372,R0
col,9031093,-2.143787394,-72.92057145,R0
col,9031094,-2.195639725,-72.79798905,R0
col,9030502,-2.027350661,-72.91882175,R0
col,9030503,-2.017394979,-72.8770268,R0
col,9029796,-1.823114633,-73.10523605,R0
col,9030353,-2.017005476,-73.11080109,R0
col,9029795,-1.844059617,-73.14219141,R0
col,9028732,-1.552031022,-73.18141273,R0
col,9028733,-1.584992871,-73.15156183,R0
col,9029437,-1.688432014,-73.04651449,R0
col,9028927,-1.599382326,-72.64945806,R0
col,9030910,-2.162256595,-71.82303075,R0
col,9030860,-2.144545304,-72.00103281,R0
col,9030815,-2.138407712,-72.18924957,R0
col,9031074,-2.188487132,-72.04822539,R0
col,9029171,-1.6967132,-72.6634117,R0
col,9029156,-1.703809928,-72.55960907,R0
col,9029192,-1.697350372,-72.52745278,R0
col,9029571,-1.781264808,-72.63470217,R0
col,9029274,-1.72291666,-72.49458334,R0
col,9029797,-1.798033465,-72.46113294,R0
col,9029892,-1.883451441,-72.43330308,R0
col,9030129,-1.928489761,-72.36572293,R0
col,9030607,-2.033959727,-72.41555138,R0
col,9028616,-1.516202884,-72.68914421,R0
col,9028988,-1.644595662,-72.99183881,R0
col,9028978,-1.64457364,-72.7249978,R0
col,9028985,-1.640327776,-72.97412442,R0
col,9028936,-1.619686004,-72.85030077,R0
col,9029061,-1.673114298,-72.89726537,R0
col,9029062,-1.667345161,-72.85510039,R0
col,9029074,-1.675338076,-72.92739381,R0
col,9030292,-1.989746549,-72.6720567,R0
col,9030234,-1.976426921,-72.62570443,R0
col,9030194,-1.973977294,-72.67641855,R0
col,9030189,-1.972897987,-72.65244647,R0
col,9030175,-1.960480969,-72.65221142,R0
col,9030561,-2.03742382,-72.61592436,R0
col,9029555,-1.794179194,-72.94682711,R0
col,9029544,-1.787422899,-72.85210174,R0
col,9029756,-1.832770541,-72.78483497,R0
col,9029485,-1.772394635,-73.20128266,R0
col,9030295,-1.937840286,-73.11451635,R0
col,9032039,-2.450176065,-72.39037392,R0
col,9031896,-2.439987586,-72.43365405,R0
col,9031373,-2.240874319,-71.85256732,R0
col,9031925,-2.445188234,-72.20312715,R0
col,9031621,-2.369428003,-71.97458232,R0
col,9031646,-2.368199977,-71.95019749,R0
col,9031724,-2.367990812,-72.9646499,R0
col,9031566,-2.32091358,-73.07404135,R0
col,9031574,-2.349517448,-71.2656014,R0
col,9031549,-2.281450186,-71.23570748,R0
col,9031501,-2.24974518,-71.3253921,R0
col,9031622,-2.353325908,-71.1723685,R0
col,9031309,-2.277803789,-71.12909443,R0
col,9031663,-2.378749993,-71.32375001,R0
col,9031662,-2.367999044,-71.35427449,R0
col,9031518,-2.313721624,-71.49005983,R0
col,9031095,-2.191018035,-71.71005839,R0
col,9031007,-2.201458327,-71.63270834,R0
col,9031015,-2.203333326,-71.63083334,R0
col,9031016,-2.199339571,-71.62574953,R0
col,9031131,-2.22641586,-71.59446719,R0
col,9031132,-2.238749993,-71.55166668,R0
col,9031133,-2.211657187,-71.54540215,R0
col,9030944,-2.16457537,-71.54670846,R0
col,9030953,-2.17243874,-71.50752054,R0
col,9029860,-1.871259043,-71.11405198,R0
col,9029861,-1.859228024,-71.09896302,R0
col,9030071,-1.91484263,-71.09608357,R0
col,9030465,-2.032631957,-71.12034945,R0
col,9030469,-2.050831271,-71.12167401,R0
col,9031355,-2.293333326,-70.77500001,R0
col,9031340,-2.271685071,-70.82875395,R0
col,9031341,-2.24628516,-70.77017295,R0
col,9031206,-2.240072181,-71.06491838,R0
col,9031361,-2.290682894,-71.00452569,R0
col,9031198,-2.22923014,-70.94670969,R0
col,9030321,-1.982013585,-71.07109805,R0
col,9030072,-1.893789386,-71.07014901,R0
col,9030320,-2.01266028,-71.06222857,R0
col,9030420,-2.033923413,-71.02741419,R0
col,9030209,-1.973783848,-71.02311745,R0
col,9030421,-2.010771385,-71.01133359,R0
col,9030424,-2.044999993,-71.00083334,R0
col,9030210,-1.948896683,-70.99234993,R0
col,9030477,-2.055939683,-71.04073979,R0
col,9030531,-2.059627459,-70.93946453,R0
col,9030440,-2.006843455,-70.87388885,R0
col,9030514,-2.062708411,-70.85294976,R0
col,9030578,-2.07847159,-70.82369554,R0
col,9030624,-2.093447575,-70.80498758,R0
col,9030504,-2.04819522,-70.79953487,R0
col,9030344,-2.021309992,-70.77071074,R0
col,9030334,-1.99457463,-70.76161393,R0
col,9031039,-2.154907611,-70.80025648,R0
col,9031040,-2.200472494,-70.75306679,R0
col,9031497,-2.334356446,-70.70098344,R0
col,9031484,-2.320789736,-70.74589844,R0
col,9031606,-2.31773245,-70.63696464,R0
col,9031485,-2.308956175,-70.70011779,R0
col,9031745,-2.391767583,-70.66054806,R0
col,9032036,-2.452374545,-70.56836181,R0
col,9031803,-2.363372159,-70.54102085,R0
col,9032008,-2.452365956,-70.50934855,R0
col,9032030,-2.449616594,-70.62027039,R0
col,9030831,-2.153377419,-71.89032692,R0
col,9030830,-2.141892364,-71.91513393,R0
col,9030804,-2.132349766,-71.88659812,R0
col,9030947,-2.17414163,-71.93376748,R0
col,9030835,-2.076911492,-71.98877652,R0
col,9029413,-1.724787228,-71.37912958,R0
col,9029203,-1.691758453,-71.36790248,R0
col,9028989,-1.651994147,-71.36978172,R0
col,9029013,-1.649845307,-71.39852643,R0
col,9028912,-1.568433259,-71.34633425,R0
col,9029994,-1.909221154,-71.73150045,R0
col,9030038,-1.92753768,-71.70451529,R0
col,9030006,-1.921448697,-71.6902272,R0
col,9029867,-1.780658971,-71.68504816,R0
col,9030001,-1.918921413,-71.6767257,R0
col,9030027,-1.925032304,-71.67156555,R0
col,9029982,-1.900205306,-71.6415904,R0
col,9030217,-1.952833193,-71.68857431,R0
col,9029046,-1.635917502,-71.80904417,R0
col,9028783,-1.600831259,-71.86265559,R0
col,9029111,-1.687693858,-71.41700955,R0
col,9030144,-1.946279014,-71.37267975,R0
col,9030123,-1.941033624,-71.35489442,R0
col,9030034,-1.903062846,-71.40471087,R0
col,9029791,-1.823802758,-71.31948428,R0
col,9029603,-1.791489721,-71.32334589,R0
col,9029712,-1.825423561,-71.47278781,R0
col,9030153,-1.901544526,-71.53652658,R0
col,9030107,-1.899279545,-71.47964822,R0
col,9029874,-1.869644919,-71.45561418,R0
col,9029519,-1.773511953,-71.46476334,R0
col,9029486,-1.768713261,-71.43464704,R0
col,9030059,-1.915531683,-71.43027073,R0
col,9029859,-1.817399441,-71.87635855,R0
col,9029904,-1.891990782,-71.85733709,R0
col,9030063,-1.928951863,-71.78636162,R0
col,9029941,-1.896743037,-71.78571626,R0
col,9029406,-1.765183052,-71.96907858,R0
col,9029399,-1.7592538,-71.95559168,R0
col,9028557,-1.518202366,-71.96694393,R0
col,9028691,-1.563775722,-71.95057994,R0
col,9028188,-1.405362574,-71.19137701,R0
col,9028827,-1.577611865,-71.1055848,R0
col,9028574,-1.512735958,-71.09144848,R0
col,9028480,-1.499932269,-71.12106116,R0
col,9028350,-1.446215712,-71.08697732,R0
col,9028111,-1.398352007,-71.08245488,R0
col,9028842,-1.582626742,-71.07957727,R0
col,9029069,-1.622202338,-71.2531403,R0
col,9028830,-1.593397714,-71.23259788,R0
col,9028642,-1.522457402,-71.23948498,R0
col,9028397,-1.469224697,-71.28185522,R0
col,9028342,-1.466693762,-71.33259165,R0
col,9028400,-1.464505314,-71.2344584,R0
col,9028315,-1.426980238,-70.82050829,R0
col,9028501,-1.517650604,-70.94627079,R0
col,9028463,-1.511458327,-70.94895834,R0
col,9028458,-1.469521085,-70.93942041,R0
col,9028202,-1.415323484,-70.99305271,R0
col,9028112,-1.3996351,-71.05814427,R0
col,9028244,-1.434394183,-70.6183231,R0
col,9029218,-1.688148123,-70.62683347,R0
col,9029241,-1.674280283,-70.69125966,R0
col,9029089,-1.671682,-70.64614149,R0
col,9028986,-1.64955274,-70.64012996,R0
col,9028909,-1.614068292,-70.64733857,R0
col,9028716,-1.562553492,-70.56789763,R0
col,9028725,-1.557617718,-70.61387588,R0
col,9029076,-1.64350842,-70.89587266,R0
col,9029129,-1.658193868,-70.86477561,R0
col,9028818,-1.590806351,-70.74469396,R0
col,9029259,-1.724865477,-70.74222785,R0
col,9029514,-1.766167037,-70.77662586,R0
col,9029540,-1.780360756,-70.5882321,R0
col,9029545,-1.778001957,-70.57234632,R0
col,9029365,-1.738840362,-70.60358033,R0
col,9029342,-1.733070969,-70.58155544,R0
col,9029572,-1.755834893,-70.64219138,R0
col,9029637,-1.759267274,-70.70062185,R0
col,9030483,-2.014466889,-70.55238418,R0
col,9030484,-2.011437497,-70.51539004,R0
col,9030707,-2.118765202,-70.56580874,R0
col,9031605,-2.34865268,-70.67500087,R0
col,9032043,-2.484904534,-70.59022996,R0
col,9031290,-2.257533029,-71.00282384,R0
col,9031433,-2.30662106,-71.52116312,R0
col,9031736,-2.388630834,-71.35316823,R0
col,9031266,-2.27229166,-71.46187501,R0
col,9027261,-1.134658402,-73.87535946,R0
col,9027049,-1.097714732,-73.85568412,R0
col,9027012,-1.076299809,-73.87981335,R0
col,9027559,-1.238809638,-73.81930599,R0
col,9026784,-0.948633719,-74.10595701,R0
col,9026870,-1.035938259,-74.08473904,R0
col,9026858,-0.994517164,-73.99462346,R0
col,9025804,-0.716262149,-74.3688083,R0
col,9026753,-1.006313233,-74.1943038,R0
col,9026754,-1.011128078,-74.14414865,R0
col,9026891,-1.011324572,-73.41074128,R0
col,9026900,-1.032838058,-73.43872167,R0
col,9026059,-0.738609956,-73.68382226,R0
col,9026060,-0.780303539,-73.63788174,R0
col,9026134,-0.825607271,-73.6552902,R0
col,9026177,-0.84317344,-73.63660423,R0
col,9026293,-0.862751436,-73.66368661,R0
col,9026691,-0.963425058,-73.69030334,R0
col,9026692,-0.933576053,-73.64060185,R0
col,9026599,-0.972203236,-73.78050209,R2
col,9026565,-0.90837003,-73.82766591,R0
col,9026339,-0.873909835,-73.76163334,R0
col,9026063,-0.812578232,-73.81101355,R0
col,9026062,-0.764620454,-73.82669002,R0
col,9026600,-0.96861629,-73.76830907,R0
col,9026653,-0.981753459,-73.78889335,R0
col,9028389,-1.307013575,-73.29103228,R0
col,9027731,-1.268901301,-73.45304656,R0
col,9027505,-1.237176079,-73.4517062,R0
col,9027071,-1.08547711,-73.34072557,R0
col,9027732,-1.303124993,-73.43895834,R0
col,9028301,-1.377938084,-73.41602265,R0
col,9028306,-1.459791082,-73.42345326,R0
col,9028399,-1.483180685,-73.37123084,R0
col,9027203,-1.153296898,-73.66654334,R0
col,9027198,-1.12512397,-73.66043114,R0
col,9027388,-1.185135667,-73.60194424,R0
col,9027317,-1.082659088,-73.56740322,R0
col,9027316,-1.142182157,-73.56709346,R0
col,9027365,-1.193392024,-73.5435238,R0
col,9027504,-1.226796327,-73.51028813,R0
col,9026338,-0.830103873,-74.04820129,R0
col,9025476,-0.617125529,-73.9463087,R0
col,9026266,-0.799679436,-73.94043067,R0
col,9025477,-0.616384397,-73.91418101,R0
col,9025224,-0.538378679,-74.26923671,R0
col,9025515,-0.608748604,-74.20778794,R0
col,9025516,-0.63860004,-74.13548981,R0
col,9025534,-0.651926933,-74.12660189,R0
col,9025535,-0.64130571,-74.11934862,R0
col,9025702,-0.685438617,-74.08253735,R0
col,9025843,-0.726947264,-74.04233744,R0
col,9025703,-0.693945353,-74.02266095,R0
col,9025574,-0.660748108,-74.0118161,R0
col,9025616,-0.67814112,-73.99755874,R0
col,9025762,-0.700379236,-73.98555926,R0
col,9025575,-0.654128335,-73.97009433,R0
col,9025763,-0.709551479,-73.95740396,R0
col,9027881,-1.321963527,-73.1633079,R0
col,9027260,-1.107210867,-73.95954022,R0
col,9027436,-1.2194059,-73.86849425,R0
col,9025497,-0.595758887,-70.38767363,R0
col,9025097,-0.4980518,-70.49204691,R0
col,9025077,-0.465972405,-70.360082,R0
col,9026672,-0.971438815,-70.07451308,R0
col,9025659,-0.671961012,-70.27460493,R0
col,9025447,-0.580715533,-70.28373378,R0
col,9025834,-0.740416661,-70.25041668,R0
col,9025355,-0.48963374,-70.25837401,R0
col,9024887,-0.423278585,-70.26401838,R0
col,9026199,-0.821790677,-70.34121688,R0
col,9026998,-1.070848985,-69.81382758,R0
col,9027031,-1.064235331,-69.74425419,R0
col,9027007,-1.083654862,-69.42185367,R0
col,9027171,-1.09812989,-69.45697556,R0
col,9028072,-1.380964002,-69.42728563,R0
col,9027943,-1.362952463,-69.40252934,R0
col,9027942,-1.305648126,-69.41343558,R0
col,9027458,-1.170507513,-69.5944159,R0
col,9028250,-1.309363374,-69.46913704,R0
col,9028376,-1.478908052,-69.47755421,R0
col,9028377,-1.473843767,-69.45227362,R0
col,9028285,-1.45916666,-69.44000001,R0
col,9028281,-1.453464039,-69.4377737,R0
col,9028280,-1.433449578,-69.4397777,R0
col,9028284,-1.432156356,-69.47515773,R0
col,9029144,-1.652178789,-69.50618359,R0
col,9028190,-1.365633143,-69.65787699,R0
col,9027715,-1.297499993,-69.63250001,R0
col,9027768,-1.309391498,-69.59633537,R0
col,9027773,-1.312178294,-69.55412349,R0
col,9028680,-1.561450199,-69.67694853,R0
col,9028746,-1.587406492,-69.55640994,R0
col,9028834,-1.59514744,-69.64529245,R0
col,9028547,-1.524898262,-70.38278424,R0
col,9028540,-1.517769288,-70.48202953,R0
col,9028464,-1.482041003,-70.34994086,R0
col,9028343,-1.456253822,-70.4838769,R0
col,9028249,-1.444036838,-70.34425588,R0
col,9028222,-1.432377071,-70.36196809,R0
col,9028963,-1.647244531,-70.07443382,R0
col,9028962,-1.646974606,-70.07981261,R0
col,9028910,-1.605343705,-70.09792716,R0
col,9028798,-1.585165997,-70.15499601,R0
col,9028653,-1.569147987,-70.105597,R0
col,9028645,-1.550667237,-70.13281827,R0
col,9028678,-1.543077159,-70.04386393,R0
col,9028444,-1.469505898,-70.25783765,R0
col,9028955,-1.579114036,-70.23089555,R0
col,9028478,-1.51151372,-70.21488555,R0
col,9028548,-1.523918591,-70.18607577,R0
col,9029343,-1.667086857,-70.36459673,R0
col,9029050,-1.628060641,-70.38727603,R0
col,9028754,-1.575149849,-70.40664268,R0
col,9028706,-1.561637357,-70.37555479,R0
col,9027562,-1.232180966,-69.85802429,R0
col,9027460,-1.224518496,-69.83602963,R0
col,9027705,-1.277051091,-69.71762245,R0
col,9027772,-1.300141687,-69.7006327,R0
col,9028228,-1.369724947,-69.8259863,R0
col,9028307,-1.388114742,-69.74667243,R0
col,9028790,-1.591907974,-69.8994857,R0
col,9028679,-1.573212118,-69.91978967,R0
col,9028647,-1.515640849,-69.95782014,R0
col,9028344,-1.366948436,-69.96702194,R0
col,9026713,-0.993770138,-70.47534413,R0
col,9026685,-0.961477845,-70.44137011,R0
col,9027106,-1.047263302,-70.3390942,R0
col,9027902,-1.331090044,-70.4934916,R0
col,9027741,-1.290494821,-70.2969998,R0
col,9027747,-1.284384309,-70.04594539,R0
col,9027754,-1.253199103,-70.41482463,R0
col,9027600,-1.192628449,-70.12643903,R0
col,9027332,-1.189043497,-70.41208288,R0
col,9027333,-1.182106295,-70.4056472,R0
col,9027165,-1.133113744,-70.24505185,R0
col,9027815,-1.317320991,-70.09097227,R0
col,9027865,-1.320377993,-70.18052928,R0
col,9027919,-1.338417241,-70.34610987,R0
col,9028084,-1.342778402,-70.01824411,R0
col,9027658,-1.27144778,-69.95028827,R0
col,9027653,-1.267547476,-69.99128779,R0
col,9027601,-1.263232227,-70.01156558,R0
col,9027580,-1.230245607,-70.00754196,R0
col,9029489,-1.784983783,-69.56513989,R0
col,9029759,-1.82245711,-69.55949269,R0
col,9030377,-1.979939819,-70.13589598,R0
col,9029644,-1.821104039,-70.04627695,R0
col,9029585,-1.797474992,-70.05416975,R0
col,9029508,-1.788608099,-70.09195377,R0
col,9029434,-1.766548343,-70.12283678,R0
col,9030081,-1.910897296,-70.3791138,R0
col,9030111,-1.945694227,-70.34470505,R0
col,9030220,-1.945410489,-69.71355516,R0
col,9030169,-1.943884212,-69.77238818,R0
col,9029976,-1.896892434,-69.7543239,R0
col,9029890,-1.875201871,-69.7918156,R0
col,9029888,-1.832901171,-69.74024726,R0
col,9029727,-1.776961546,-69.77703815,R0
col,9030221,-1.976694636,-69.68290832,R0
col,9029671,-1.831561068,-69.98027985,R0
col,9029735,-1.838632209,-69.92202919,R0
col,9029588,-1.808503782,-69.90747041,R0
col,9029726,-1.829174831,-69.84225437,R0
col,9029531,-1.768680592,-69.91446628,R0
col,9025451,-0.613930906,-73.1490335,R0
col,9025553,-0.622527397,-73.05579122,R0
col,9025537,-0.621510127,-73.2551398,R0
col,9025505,-0.587991409,-73.36716735,R0
col,9025187,-0.518663013,-73.35437529,R0
col,9025153,-0.514328952,-73.32747515,R0
col,9025382,-0.553932862,-73.27771628,R0
col,9025597,-0.661494272,-73.41187075,R0
col,9025582,-0.66128991,-73.39225474,R0
col,9025104,-0.473516021,-73.62057541,R0
col,9024985,-0.446329407,-73.62023194,R0
col,9025131,-0.492055982,-73.57367872,R0
col,9025413,-0.564705347,-73.5820847,R0
col,9024852,-0.42037158,-73.64030784,R0
col,9025207,-0.471946553,-73.76505979,R0
col,9024981,-0.433598905,-73.71032499,R0
col,9024809,-0.396009704,-73.70292582,R0
col,9024808,-0.393928879,-73.74203886,R0
col,9027072,-0.996937165,-73.30672532,R0
col,9026385,-0.871345537,-73.43943286,R0
col,9026386,-0.864772125,-73.40092137,R0
col,9026602,-0.954388081,-73.0612864,R0
col,9026610,-0.973359807,-73.04529912,R0
col,9026611,-0.910768468,-73.04599638,R0
col,9026616,-0.915081887,-73.14002799,R0
col,9026627,-0.979404501,-73.07738075,R0
col,9026708,-0.986938348,-73.13658214,R0
col,9026169,-0.825911141,-73.17842457,R0
col,9026178,-0.826330126,-73.19925067,R0
col,9026703,-0.993781529,-73.17578359,R0
col,9026710,-0.938223488,-73.23724641,R0
col,9027992,-1.344681876,-73.07131431,R0
col,9027765,-1.304206729,-73.08503801,R0
col,9027690,-1.289328226,-73.11836014,R0
col,9027684,-1.284228625,-73.16138388,R0
col,9027691,-1.272495567,-73.10289149,R0
col,9028330,-1.448353084,-72.67850446,R0
col,9028225,-1.426880338,-72.69818195,R0
col,9028144,-1.398343393,-72.66124692,R0
col,9027987,-1.364506894,-72.64973771,R0
col,9027986,-1.348400552,-72.6675385,R0
col,9028617,-1.538911499,-72.65775389,R0
col,9028477,-1.511835849,-72.62700408,R0
col,9028433,-1.497776483,-72.60499965,R0
col,9028476,-1.481987317,-72.63752116,R0
col,9028432,-1.479553048,-72.61908568,R0
col,9030940,-2.158166147,-72.08720447,R0
col,9030585,-2.058506103,-72.24391911,R0
col,9030349,-1.993605984,-72.2218498,R0
col,9030409,-1.972042606,-72.27371036,R0
col,9030105,-1.942302192,-72.21344506,R0
col,9030106,-1.936821344,-72.18495002,R0
col,9030033,-1.908943485,-72.2005267,R0
col,9030032,-1.880404403,-72.23106509,R0
col,9029049,-1.668838471,-72.40977188,R0
col,9029034,-1.654657203,-72.4303646,R0
col,9029075,-1.667569231,-72.61027958,R0
col,9029149,-1.696738784,-72.57224393,R0
col,9029150,-1.673624867,-72.56611507,R0
col,9029154,-1.703333327,-72.55083334,R0
col,9029168,-1.705843796,-72.5455936,R0
col,9029012,-1.630459223,-72.51635666,R0
col,9029193,-1.689947956,-72.50129454,R0
col,9029010,-1.627563122,-72.48390128,R0
col,9029275,-1.700067691,-72.46708734,R0
col,9029866,-1.875109129,-72.37663133,R0
col,9029850,-1.878271999,-72.35139719,R0
col,9029807,-1.834174218,-72.35005617,R0
col,9029887,-1.887078796,-72.33242664,R0
col,9029851,-1.837951996,-72.31628093,R0
col,9030729,-2.11060407,-72.12121865,R0
col,9030718,-2.097474452,-72.20189829,R0
col,9030660,-2.086547505,-72.0783148,R0
col,9028356,-1.479121928,-72.73950972,R0
col,9028364,-1.476900334,-72.70980046,R0
col,9028370,-1.470002225,-72.86873021,R0
col,9028282,-1.45738133,-72.85324071,R0
col,9028279,-1.449937281,-72.82425757,R0
col,9028357,-1.448823478,-72.75189496,R0
col,9028227,-1.401270848,-72.82009554,R0
col,9027981,-1.33858937,-72.87211094,R0
col,9027739,-1.296213959,-72.89324635,R0
col,9027740,-1.282467611,-72.84470088,R0
col,9027766,-1.282258998,-72.99675594,R0
col,9027662,-1.268769309,-72.91101313,R0
col,9027663,-1.25942632,-72.88070349,R0
col,9028165,-1.389187591,-72.92222163,R0
col,9027123,-1.111392401,-73.00775919,R0
col,9027073,-1.09507704,-72.94258491,R0
col,9026981,-1.075600395,-72.95549278,R0
col,9026959,-1.06372438,-72.98700273,R0
col,9026957,-1.050424484,-72.97477482,R0
col,9026982,-1.017584534,-72.8967498,R0
col,9027571,-1.227363329,-72.92830876,R0
col,9027349,-1.189775814,-72.92642923,R0
col,9027348,-1.181404538,-72.94754637,R0
col,9027304,-1.17817023,-72.92152172,R0
col,9027303,-1.147323524,-72.93065138,R0
col,9026799,-1.011144408,-72.98526694,R0
col,9026798,-1.002535362,-73.01265023,R0
col,9026693,-0.955691585,-73.00625011,R0
col,9026684,-0.936282155,-72.95851865,R0
col,9026355,-0.89172151,-73.01256834,R0
col,9026356,-0.88419738,-73.00504867,R0
col,9027296,-1.180013845,-72.53076225,R0
col,9027283,-1.166744292,-72.49552954,R0
col,9027282,-1.153365185,-72.64151061,R0
col,9027515,-1.219022696,-72.27645195,R0
col,9027886,-1.299092643,-72.27185624,R0
col,9027495,-1.225417009,-72.1831407,R0
col,9027413,-1.209127433,-72.33300679,R0
col,9027357,-1.196662319,-72.45786178,R0
col,9027352,-1.172525737,-72.44509947,R0
col,9027844,-1.285208367,-72.38508495,R0
col,9028014,-1.365575881,-72.34416471,R0
col,9028071,-1.365043374,-72.37420164,R0
col,9028006,-1.307496373,-72.09421237,R0
col,9028216,-1.434617457,-72.15748892,R0
col,9028318,-1.458960676,-72.15797358,R0
col,9028482,-1.498244411,-72.07776669,R0
col,9029288,-1.716441512,-72.05962608,R0
col,9029337,-1.743920173,-72.03455334,R0
col,9029390,-1.747348486,-72.0007407,R0
col,9029493,-1.778356455,-71.99683173,R0
col,9028293,-1.421831037,-72.04835034,R0
col,9028292,-1.451584011,-72.07108679,R0
col,9029113,-1.683899889,-72.11881892,R0
col,9029093,-1.650139711,-72.14567925,R0
col,9025599,-0.63394987,-72.9664303,R0
col,9025362,-0.545282641,-72.99309985,R0
col,9027216,-1.119514854,-72.52296408,R0
col,9027501,-1.187002084,-72.22480216,R0
col,9027533,-1.247306008,-72.21106994,R0
col,9027452,-1.177223208,-72.17610678,R0
col,9027385,-1.193228836,-72.33275641,R0
col,9027329,-1.163983654,-72.39953682,R0
col,9027299,-1.127552503,-72.34834435,R0
col,9027419,-1.210593041,-72.389546,R0
col,9027465,-1.218933946,-72.13738458,R0
col,9027398,-1.20009928,-72.12198636,R0
col,9027481,-1.220035335,-72.10428083,R0
col,9027488,-1.23374953,-72.09715344,R0
col,9028007,-1.349684975,-72.02509145,R0
col,9028493,-1.505838042,-71.32603204,R0
col,9029047,-1.611793722,-71.77494382,R0
col,9029321,-1.713818308,-71.43676953,R0
col,9029127,-1.681605931,-71.51461268,R0
col,9029097,-1.677284689,-71.41743054,R0
col,9029052,-1.668547707,-71.43987099,R0
col,9029011,-1.647667593,-71.48194782,R0
col,9028471,-1.488273515,-71.55204759,R0
col,9028413,-1.472386705,-71.48617592,R0
col,9028404,-1.469358642,-71.60693092,R0
col,9028414,-1.457067107,-71.44166996,R0
col,9028283,-1.45275401,-71.55485395,R0
col,9028252,-1.448821482,-71.57350593,R0
col,9028248,-1.438012929,-71.58703655,R0
col,9028156,-1.421165205,-71.60163155,R0
col,9028243,-1.41283225,-71.5651587,R0
col,9028157,-1.394492893,-71.58952995,R0
col,9028145,-1.394381175,-71.62242354,R0
col,9028161,-1.389105126,-71.65029963,R0
col,9029698,-1.826481,-71.51135321,R0
col,9029883,-1.857222761,-71.57491155,R0
col,9028128,-1.373983937,-71.93894183,R0
col,9028129,-1.387872447,-71.90718513,R0
col,9028239,-1.433182472,-71.89682139,R0
col,9028232,-1.435039464,-71.88495486,R0
col,9028367,-1.476731896,-72.02450964,R0
col,9028633,-1.552804396,-71.8965498,R0
col,9027058,-1.09299675,-72.41946731,R0
col,9027057,-1.092952646,-72.42899475,R0
col,9026984,-1.061901837,-72.46985316,R0
col,9026985,-1.04125618,-72.4503179,R0
col,9027010,-1.072494013,-72.62821785,R0
col,9026979,-1.053884436,-72.59295415,R0
col,9028294,-1.391252626,-71.33583506,R0
col,9028063,-1.341734654,-71.16631141,R0
col,9028346,-1.458495872,-71.37003284,R0
col,9028253,-1.442929992,-71.22445925,R0
col,9028457,-1.502614389,-71.3839202,R0
col,9028607,-1.500891205,-71.86057453,R0
col,9028763,-1.572535055,-71.84396162,R0
col,9027890,-1.291044805,-71.70403794,R0
col,9027892,-1.295726958,-71.75963287,R0
col,9028059,-1.379108731,-71.05289817,R0
col,9026878,-1.003334214,-71.89225045,R0
col,9026807,-0.999769841,-71.98562605,R0
col,9026636,-0.979795286,-71.95164257,R0
col,9026639,-0.974919231,-71.92357965,R0
col,9026619,-0.958624137,-71.97341469,R0
col,9026551,-0.943686209,-72.00747967,R0
col,9026473,-0.901717146,-72.03513321,R0
col,9027093,-1.048840852,-71.96785698,R0
col,9024909,-0.439864616,-72.07517614,R0
col,9024910,-0.385569453,-72.02757513,R0
col,9025506,-0.580984838,-72.00712367,R0
col,9025944,-0.77291666,-72.01625001,R0
col,9025986,-0.771251365,-71.94399965,R0
col,9025909,-0.741846896,-72.050908,R0
col,9025910,-0.713274029,-71.99935429,R0
col,9025741,-0.693272878,-72.05360846,R0
col,9026038,-0.794143911,-72.06494528,R0
col,9026022,-0.746817022,-72.3688158,R0
col,9026229,-0.843007986,-72.56046259,R0
col,9026139,-0.828853857,-72.54277122,R0
col,9026464,-0.920724994,-72.14545691,R0
col,9026460,-0.920009731,-72.11168971,R0
col,9026402,-0.916988411,-72.23865248,R0
col,9026363,-0.903909905,-72.11998919,R0
col,9026396,-0.901724729,-72.28362296,R0
col,9026397,-0.897065692,-72.18624107,R0
col,9025966,-0.742767405,-72.18408235,R0
col,9025740,-0.697722168,-72.09036379,R0
col,9025701,-0.696858554,-72.16322269,R0
col,9025656,-0.676760506,-72.12584904,R0
col,9026113,-0.80749932,-72.68965376,R0
col,9026078,-0.7567641,-72.54231174,R0
col,9025946,-0.75443195,-72.77966771,R0
col,9025833,-0.737213886,-72.76697228,R0
col,9025604,-0.62017322,-72.10717336,R0
col,9025404,-0.571152577,-72.18844131,R0
col,9025302,-0.502783039,-72.11072024,R0
col,9025685,-0.692349821,-72.31951952,R0
col,9025603,-0.661120319,-72.30405134,R0
col,9025667,-0.633639192,-72.49575047,R0
col,9025797,-0.656639749,-72.79167741,R0
col,9025752,-0.665992764,-72.85297961,R0
col,9026077,-0.798437917,-72.78776537,R0
col,9025416,-0.602462252,-72.82959555,R0
col,9025419,-0.612226304,-72.85494079,R0
col,9026121,-0.811890146,-72.74065781,R0
col,9025493,-0.601553346,-72.70533372,R0
col,9026228,-0.845549167,-72.6839516,R0
col,9027124,-1.084696716,-71.28398288,R0
col,9027180,-1.133819828,-71.15792585,R0
col,9027118,-1.123006109,-71.16844568,R0
col,9027236,-1.122277457,-71.0917721,R0
col,9027102,-1.106438331,-71.14576726,R0
col,9027001,-1.055347607,-71.18183519,R0
col,9026855,-1.046178181,-71.30485717,R0
col,9026853,-1.042802473,-71.26438656,R0
col,9026863,-1.04692134,-71.33023969,R0
col,9026274,-0.831493585,-71.83423901,R0
col,9026867,-1.018124277,-71.62073744,R0
col,9026868,-0.977500836,-71.55925399,R0
col,9026556,-0.951607857,-71.64036954,R0
col,9026546,-0.941367155,-71.86080415,R0
col,9026331,-0.883544547,-71.82090049,R0
col,9026522,-0.940562541,-71.82010705,R0
col,9026437,-0.921136874,-71.80832115,R0
col,9026909,-1.052591427,-71.77300574,R0
col,9026895,-1.04981717,-71.75993842,R0
col,9026848,-1.00153264,-71.74755785,R0
col,9026579,-0.963921889,-71.71249821,R0
col,9027321,-1.162226818,-71.55033572,R0
col,9027167,-1.130376877,-71.58678191,R0
col,9027286,-1.163393992,-71.4833804,R0
col,9027190,-1.142886315,-71.45150666,R0
col,9027244,-1.146536434,-71.39771173,R0
col,9027685,-1.276796473,-70.86071452,R0
col,9025108,-0.469741939,-70.01529861,R0
col,9025208,-0.525460858,-70.01129084,R0
col,9026305,-0.871593404,-70.2329839,R0
col,9026306,-0.87005163,-70.20550494,R0
col,9026514,-0.940871411,-70.07956688,R0
col,9026541,-0.951136845,-70.06806018,R0
col,9026620,-0.96081369,-70.00259403,R0
col,9027088,-1.010688702,-70.18717898,R0
col,9026444,-0.801236715,-70.01807842,R0
col,9025828,-0.698324991,-70.16468537,R0
col,9025660,-0.660228981,-70.25612734,R0
col,9025459,-0.581072023,-70.16222953,R0
col,9025827,-0.718493651,-70.25722144,R0
col,9025905,-0.752715998,-70.2468861,R0
col,9026186,-0.791092853,-70.27676415,R0
col,9026282,-0.858046523,-69.83432398,R0
col,9026281,-0.840852715,-69.90863038,R0
col,9026170,-0.836352093,-69.78466332,R0
col,9026097,-0.824583327,-69.79625001,R0
col,9026096,-0.792906153,-69.80278082,R0
col,9025996,-0.782378131,-69.93225551,R0
col,9025995,-0.744930854,-69.93830996,R0
col,9026091,-0.725218501,-69.75968314,R0
col,9027029,-1.036602068,-69.90775064,R0
col,9026557,-0.94573463,-69.86315214,R0
col,9026515,-0.936976992,-69.93116686,R0
col,9026447,-0.931794538,-69.90841309,R0
col,9026445,-0.90450081,-69.8922801,R0
col,9027170,-1.110987805,-69.50719343,R0
col,9026996,-1.034772717,-69.66925066,R0
col,9024482,-0.251238832,-70.14752622,R0
col,9024686,-0.35862848,-70.12023465,R0
col,9024888,-0.411176377,-70.23439456,R0
col,9024692,-0.342763973,-70.22339151,R0
col,9024754,-0.385304509,-70.20361869,R0
col,9024810,-0.401658832,-70.2094424,R0
col,9024102,-0.19604166,-70.03895834,R0
col,9024815,-0.391519103,-69.81599165,R0
col,9025753,-0.661826193,-69.68204808,R0
col,9025757,-0.645097931,-69.5835693,R0
col,9025320,-0.469157764,-69.67903335,R0
col,9026507,-0.937800667,-69.5347789,R0
col,9026976,-1.04521753,-69.43117053,R0
col,9026732,-0.982174251,-69.51766259,R0
col,9024376,-0.277517018,-71.11225719,R0
col,9024361,-0.26244783,-71.11622819,R0
col,9024316,-0.258166269,-71.1855682,R0
col,9024145,-0.1885042,-71.27492858,R0
col,9025062,-0.397558793,-70.51674861,R0
col,9024905,-0.428309547,-71.01499849,R0
col,9024866,-0.421989279,-71.01892333,R0
col,9024837,-0.39491549,-70.99049323,R0
col,9024659,-0.36590344,-70.9864293,R0
col,9024653,-0.345045761,-70.96136346,R0
col,9024518,-0.305716725,-70.96979781,R0
col,9025433,-0.572028048,-70.64780258,R0
col,9025434,-0.57097927,-70.59028296,R0
col,9025331,-0.567033687,-70.7745805,R0
col,9025267,-0.550801104,-70.76825293,R0
col,9025279,-0.54826461,-70.71330269,R0
col,9025188,-0.52169382,-70.682564,R0
col,9025189,-0.528242672,-70.65937343,R0
col,9025203,-0.529491435,-70.61312133,R0
col,9025168,-0.510604088,-70.55550611,R0
col,9025242,-0.526108388,-70.52857119,R0
col,9024626,-0.342173237,-70.6111506,R0
col,9024543,-0.333296552,-70.6223932,R0
col,9025319,-0.561026712,-70.89074811,R0
col,9025367,-0.576989668,-70.8792852,R0
col,9025350,-0.57617621,-70.83939949,R0
col,9025429,-0.597811374,-70.83507655,R0
col,9025351,-0.575507026,-70.80339912,R0
col,9025389,-0.585772888,-70.79564921,R0
col,9024763,-0.380560762,-70.8128919,R0
col,9024655,-0.356510266,-70.80841911,R0
col,9024589,-0.313766937,-70.76072211,R0
col,9024610,-0.329459631,-70.72200536,R0
col,9024873,-0.390976622,-70.88039755,R0
col,9024503,-0.309781419,-71.09295372,R0
col,9027134,-1.105983706,-70.88968878,R0
col,9027135,-1.112231797,-70.85480021,R0
col,9027237,-1.139479086,-71.04511141,R0
col,9027069,-1.078251485,-71.0515931,R0
col,9025006,-0.43843738,-71.89054535,R0
col,9025007,-0.450912223,-71.87396965,R0
col,9025507,-0.556084771,-71.94065627,R0
col,9025987,-0.782395606,-71.87481314,R0
col,9025921,-0.715798426,-71.89603853,R0
col,9027068,-1.068281776,-71.0861427,R0
col,9026842,-1.031183783,-71.23398565,R0
col,9026777,-1.013414007,-71.20604401,R0
col,9026776,-1.01174102,-71.2346278,R0
col,9026698,-0.995313707,-71.25066866,R0
col,9026260,-0.87886646,-71.20801468,R0
col,9026256,-0.835505767,-71.22769966,R0
col,9026699,-0.939925986,-71.22423736,R0
col,9024903,-0.423705623,-71.66659907,R0
col,9024904,-0.421308778,-71.64510451,R0
col,9025523,-0.611843871,-71.71059459,R0
col,9024795,-0.381956022,-71.74987252,R0
col,9024796,-0.37201925,-71.70100995,R0
col,9025428,-0.609576568,-71.55257492,R0
col,9025517,-0.607101338,-71.62373589,R0
col,9025427,-0.592200895,-71.5690385,R0
col,9025295,-0.550235302,-71.63415145,R0
col,9025293,-0.511403489,-71.61517947,R0
col,9024975,-0.451593648,-71.63898376,R0
col,9024976,-0.446204665,-71.62167168,R0
col,9025609,-0.666584349,-71.6406939,R0
col,9025642,-0.660885259,-71.5998393,R0
col,9025959,-0.73590435,-71.65486513,R0
col,9027067,-1.07996759,-71.37247415,R0
col,9026901,-1.027872185,-71.40187861,R0
col,9026854,-0.981800741,-71.33887912,R0
col,9026270,-0.823472452,-71.41504529,R0
col,9025886,-0.736748488,-71.38220454,R0
col,9025885,-0.689256224,-71.41127033,R0
col,9026001,-0.788610667,-71.69045506,R0
col,9025924,-0.746660175,-71.84402918,R0
col,9026503,-0.890349358,-71.61100961,R0
col,9026140,-0.812156451,-71.64616595,R0
col,9026141,-0.825924917,-71.61587837,R0
col,9026269,-0.877828787,-71.45510214,R0
col,9026622,-0.930477981,-71.44571956,R0
col,9026624,-0.901732406,-71.49194796,R0
col,9026391,-0.899162658,-71.79950432,R0
col,9026552,-0.939380016,-71.77511937,R0
col,9026555,-0.920726042,-71.70294439,R0
col,9027143,-1.091298125,-71.57384281,R0
col,9027176,-1.138117817,-71.54175,R0
col,9027189,-1.149878381,-71.50355666,R0
col,9027153,-1.123768826,-71.41481962,R0
col,9027066,-1.105945813,-71.40887346,R0
col,9027592,-1.234781523,-70.98233829,R0
col,9027581,-1.249972199,-70.9014509,R0
col,9027686,-1.232693363,-70.84463268,R0
col,9027269,-1.150660337,-70.84032554,R0
col,9027270,-1.165705842,-70.81064833,R0
col,9028224,-1.44305015,-70.66613271,R0
col,9028221,-1.438124854,-70.67011754,R0
col,9028162,-1.404751275,-70.58329239,R0
col,9028220,-1.38329678,-70.76814109,R0
col,9024160,-0.209653891,-71.50818964,R0
col,9024434,-0.255141899,-71.47449972,R0
col,9024452,-0.273331156,-71.43193798,R0
col,9024128,-0.16202605,-71.48900421,R0
col,9023973,-0.14717758,-71.5347893,R0
col,9023974,-0.124407409,-71.5217153,R0
col,9024087,-0.189022652,-71.61459441,R0
col,9024082,-0.163258728,-71.59754329,R0
col,9024119,-0.197303232,-71.56881613,R0
col,9024155,-0.209025169,-71.5658972,R0
col,9024138,-0.181103885,-71.55618171,R0
col,9024141,-0.207648679,-71.55142336,R0
col,9024144,-0.208450096,-71.53369904,R0
col,9024133,-0.183644253,-71.53209411,R0
col,9026736,-1.001713749,-70.51064201,R0
col,9026968,-1.035378318,-70.50384409,R0
col,9026450,-0.915762159,-70.55319696,R0
col,9026451,-0.90385799,-70.53557073,R0
col,9026354,-0.882005736,-70.67968631,R0
col,9026348,-0.865236499,-70.65321841,R0
col,9026208,-0.816346636,-70.70721222,R0
col,9026221,-0.814658171,-70.762745,R0
col,9026646,-0.942778981,-70.64362943,R0
col,9026671,-0.949204849,-70.78957474,R0
col,9026719,-0.971450845,-70.53330181,R0
col,9026743,-0.994316789,-70.57581819,R0
col,9026340,-0.860833746,-70.92513706,R0
col,9026398,-0.890125109,-70.98967101,R0
col,9026154,-0.764904688,-71.01514253,R0
col,9025420,-0.591387123,-71.17375517,R0
col,9025315,-0.55588052,-71.1763684,R0
col,9025314,-0.547949018,-71.19689236,R0
col,9025175,-0.525779736,-71.21255795,R0
col,9025167,-0.51526501,-71.20811242,R0
col,9026167,-0.759164678,-71.11261279,R0
col,9025484,-0.636696975,-71.14568016,R0
col,9025473,-0.624465197,-71.16234445,R0
col,9025437,-0.613025363,-71.22499051,R0
col,9025101,-0.49927454,-71.20406555,R0
col,9025100,-0.448671322,-71.238742,R0
col,9024571,-0.32273148,-71.48784165,R0
col,9024451,-0.304437531,-71.44238352,R0
col,9025010,-0.448404898,-71.33769728,R0
col,9024800,-0.37221212,-71.32963053,R0
col,9024585,-0.331450651,-71.37684256,R0
col,9024584,-0.328681723,-71.40960319,R0
col,9027377,-1.15287498,-70.65936045,R0
col,9027652,-1.271119217,-70.64325838,R0
col,9027378,-1.18322794,-70.61755922,R0
col,9027572,-1.230734346,-70.60321246,R0
col,9027695,-1.272979916,-70.56791863,R0
col,9027696,-1.279559667,-70.52256988,R0
col,9023261,0.090538932,-71.179162,R0
col,9024418,-0.288284062,-71.09575086,R0
col,9024295,-0.254786656,-71.14550676,R0
col,9024411,-0.235890655,-71.0297633,R0
col,9024294,-0.232396787,-71.19096802,R0
col,9024296,-0.175642602,-71.16249613,R0
col,9024142,-0.104669603,-71.273763,R0
col,9024444,-0.299250937,-71.04394713,R0
col,9024053,-0.095414052,-70.92977225,R0
col,9024621,-0.336166678,-70.90591756,R0
col,9024549,-0.254243397,-70.8794902,R0
col,9024622,-0.342299722,-70.85893856,R0
col,9022558,0.333926133,-76.75973863,R0
col,9022717,0.277645845,-76.85911421,R0
col,9022329,0.376055511,-76.43432362,R0
col,9022271,0.39798408,-76.43123449,R0
col,9022211,0.428803212,-76.44284248,R0
col,9022361,0.366520202,-76.49434902,R0
col,9022115,0.487940089,-76.51586147,R0
col,9022373,0.356031874,-76.46114102,R0
col,9021986,0.50713296,-76.66452279,R0
col,9021847,0.540338476,-76.58727212,R0
col,9021824,0.580458444,-76.58303888,R0
col,9022379,0.382611221,-76.56369676,R0
col,9022126,0.508851392,-76.30415395,R0
col,9021728,0.575513706,-76.36958372,R0
col,9022262,0.446120172,-76.18826797,R0
col,9022062,0.484881397,-76.40183272,R0
col,9021567,0.641069687,-76.18421859,R0
col,9021518,0.64452848,-76.11203179,R0
col,9022025,0.513394611,-76.05555943,R0
col,9021895,0.561372504,-75.91610316,R0
col,9021959,0.512605802,-75.89253292,R0
col,9025045,-0.457608456,-74.06254423,R0
col,9024936,-0.441122674,-74.06874808,R0
col,9024880,-0.407613912,-74.04711361,R0
col,9024835,-0.401523677,-73.93628442,R0
col,9024723,-0.362337326,-73.92189212,R0
col,9022848,0.224311528,-74.90905777,R0
col,9023775,-0.072573756,-74.66587017,R0
col,9023702,-0.034906826,-74.69810052,R0
col,9024215,-0.215847681,-74.30013481,R0
col,9023711,-0.047422989,-74.64595728,R0
col,9023604,-0.023699295,-74.82647747,R0
col,9023561,-0.012108068,-74.75571779,R0
col,9023549,-0.006614968,-74.78437456,R0
col,9023566,0.039403255,-74.77861512,R0
col,9024331,-0.233013704,-74.20156046,R0
col,9024240,-0.237638428,-74.11321809,R0
col,9024576,-0.291948939,-74.0513499,R0
col,9024722,-0.362621952,-74.12991268,R0
col,9022582,0.285292652,-75.03291913,R0
col,9022559,0.312875554,-74.99271401,R0
col,9022150,0.472700559,-75.05292257,R0
col,9021875,0.554366259,-75.28428832,R0
col,9021658,0.597708339,-75.21145834,R0
col,9022011,0.505363017,-75.21085275,R0
col,9024109,-0.15851656,-74.89568743,R0
col,9024246,-0.217894515,-74.85187899,R0
col,9022442,0.340395505,-76.02939556,R0
col,9022443,0.346831456,-76.00343727,R0
col,9023866,-0.063805661,-75.01265312,R0
col,9023856,-0.072009355,-74.94246036,R0
col,9023535,-0.004887742,-75.00273932,R0
col,9023536,0.041844707,-75.02419181,R0
col,9023218,0.107683192,-75.11030704,R0
col,9023219,0.123125688,-75.05944107,R0
col,9023636,-0.025590265,-74.98304075,R0
col,9023637,0.01294655,-74.96111648,R0
col,9023877,-0.093553593,-75.23714362,R0
col,9023708,-0.043460975,-75.23257259,R0
col,9023027,0.165008183,-75.1983255,R0
col,9023028,0.167704133,-75.17155294,R0
col,9022941,0.184263256,-75.36600906,R0
col,9023063,0.155830914,-75.41713673,R0
col,9023114,0.135443051,-75.17021623,R0
col,9023148,0.144489637,-75.25476373,R0
col,9023336,0.085075568,-75.77883378,R0
col,9023455,0.053542526,-75.58542809,R0
col,9023509,0.019522848,-75.30156628,R0
col,9023510,0.000686326,-75.25315041,R0
col,9023595,-0.015533548,-75.25266518,R0
col,9023635,-0.006778213,-75.35700434,R0
col,9022116,0.451777015,-75.24198866,R0
col,9022107,0.466749468,-75.3475774,R0
col,9022309,0.431371933,-75.6360898,R0
col,9022074,0.468457198,-75.21466566,R0
col,9022432,0.377227905,-75.10499771,R0
col,9022387,0.35605806,-75.35606483,R0
col,9022416,0.370468527,-75.28109928,R0
col,9022318,0.39170414,-75.22099071,R0
col,9022627,0.281938158,-75.49348964,R0
col,9022566,0.305232955,-75.40710719,R0
col,9022523,0.305239552,-75.49073855,R0
col,9022420,0.391536935,-75.78946352,R0
col,9022419,0.34174255,-75.75294191,R0
col,9022460,0.327727564,-75.61111747,R0
col,9022602,0.304100941,-75.80290126,R0
col,9022644,0.270637611,-75.77473507,R0
col,9022655,0.277304851,-75.69413399,R0
col,9022656,0.287324146,-75.56789673,R0
col,9022811,0.237698598,-75.63628942,R0
col,9025260,-0.551711826,-74.42091421,R0
col,9024962,-0.451990485,-74.53744846,R0
col,9024963,-0.449730265,-74.51891334,R0
col,9024923,-0.428257803,-74.54464509,R0
col,9024821,-0.390751767,-74.52601241,R0
col,9024642,-0.325430981,-74.50761659,R0
col,9024684,-0.351443488,-74.68328676,R0
col,9024632,-0.352327766,-74.6334233,R0
col,9024820,-0.381606414,-74.58549383,R0
col,9024391,-0.259318761,-74.58310862,R0
col,9024392,-0.283264894,-74.56555842,R0
col,9024641,-0.328660243,-74.55417251,R0
col,9024095,-0.16269591,-74.79272326,R0
col,9024259,-0.224289132,-74.74290876,R0
col,9025225,-0.478904266,-74.293023,R0
col,9025240,-0.493711278,-74.46424692,R0
col,9024922,-0.435533331,-74.54640964,R0
col,9024537,-0.287923009,-74.73901786,R0
col,9024180,-0.120130967,-75.04990393,R0
col,9024645,-0.358581713,-74.62472453,R0
col,9024258,-0.222498897,-74.76798551,R0
col,9022949,0.205663079,-70.11190589,R0
col,9021508,0.65714339,-72.01030275,R0
col,9021509,0.663166442,-71.9832892,R0
col,9021922,0.575709516,-71.9665089,R0
col,9021911,0.607854206,-71.57770513,R0
col,9021355,0.753326655,-71.73862028,R0
col,9021354,0.710420425,-71.73630535,R0
col,9021684,0.598464329,-71.7249745,R0
col,9021685,0.647564824,-71.70273758,R0
col,9021910,0.558486732,-71.67787782,R0
col,9022174,0.458568073,-71.63249206,R0
col,9021923,0.528469949,-71.89894939,R0
col,9022404,0.398435351,-71.38201329,R0
col,9022229,0.41006119,-71.54909945,R0
col,9022230,0.448895832,-71.50495922,R0
col,9022161,0.480588636,-71.57429478,R0
col,9022415,0.367474732,-71.43625727,R0
col,9022424,0.357660609,-71.4834971,R0
col,9022433,0.334271269,-71.3904974,R0
col,9022489,0.323472594,-71.41235283,R0
col,9022841,0.267997516,-71.70169227,R0
col,9022842,0.230345355,-71.63674159,R0
col,9023115,0.141970315,-71.51463544,R0
col,9022978,0.169369335,-71.48524941,R0
col,9023064,0.144360229,-71.44865043,R0
col,9023660,-0.018803844,-71.02646953,R0
col,9023502,0.008014476,-71.06009107,R0
col,9023525,0.024912754,-71.12275493,R0
col,9023258,0.083974288,-71.19638579,R0
col,9023262,0.145730531,-71.12719697,R0
col,9022802,0.251101267,-71.17266735,R0
col,9022803,0.253187219,-71.14610528,R0
col,9022578,0.306945974,-71.36846974,R0
col,9022579,0.301297886,-71.33989762,R0
col,9023008,0.223220177,-71.33582632,R0
col,9022405,0.38311646,-71.3338979,R0
col,9023322,0.089395959,-71.27444213,R0
col,9023221,0.101118769,-70.99142027,R0
col,9022940,0.235778155,-70.98209059,R0
col,9023227,0.090421121,-70.97893886,R0
col,9023213,0.136965055,-70.96246972,R0
col,9023355,0.068010446,-70.94333963,R0
col,9022956,0.18974702,-70.92908649,R0
col,9023526,0.039821077,-70.99196983,R0
col,9022545,0.325859698,-71.02747815,R0
col,9022546,0.332000516,-70.98365777,R0
col,9022321,0.387022032,-71.03618747,R0
col,9022320,0.416713287,-71.0736871,R0
col,9022193,0.474178528,-70.85449124,R0
col,9022934,0.182093614,-70.89735316,R0
col,9022927,0.223845539,-70.86746398,R0
col,9022507,0.306054041,-70.84639398,R0
col,9022616,0.285972041,-70.84266817,R0
col,9022617,0.272419284,-70.83517491,R0
col,9022508,0.359479676,-70.82982134,R0
col,9021663,0.604335479,-71.22847453,R0
col,9021781,0.57791946,-71.14844087,R0
col,9021862,0.546179053,-71.11914853,R0
col,9024559,-0.33356615,-70.36160755,R0
col,9024558,-0.295656106,-70.42733992,R0
col,9024822,-0.382361297,-70.3228585,R0
col,9024611,-0.332392799,-70.66626945,R0
col,9024627,-0.329193325,-70.61294883,R0
col,9024462,-0.257043094,-70.62013882,R0
col,9024461,-0.233854609,-70.68272301,R0
col,9024654,-0.353817375,-70.82983094,R0
col,9024588,-0.335626824,-70.80858357,R0
col,9024054,-0.16482988,-70.90560749,R0
col,9023700,0.003758006,-70.16620925,R0
col,9023701,-0.041691593,-70.15516911,R0
col,9023606,-0.027618339,-70.1125208,R0
col,9023593,0.017828386,-70.10867612,R0
col,9023607,-0.03268022,-70.06511556,R0
col,9023693,-0.043502646,-70.06490793,R0
col,9023736,-0.05292232,-70.47076025,R0
col,9023646,-0.033943329,-70.43855706,R0
col,9023613,0.059408923,-70.37365059,R0
col,9023672,-0.04563376,-70.27404101,R0
col,9023671,-0.002509494,-70.27174564,R0
col,9022918,0.258448626,-70.4461843,R0
col,9022919,0.188125006,-70.42854168,R0
col,9023571,-0.01370831,-70.77940841,R0
col,9023511,0.023765549,-70.74532249,R0
col,9023550,-0.000706858,-70.6831755,R0
col,9023494,0.03117847,-70.65787706,R0
col,9023546,-0.003771627,-70.60544941,R0
col,9023504,0.057929284,-70.56450601,R0
col,9023551,-0.00592561,-70.54825712,R0
col,9023505,0.003708775,-70.52810322,R0
col,9023618,-0.018403421,-70.49430386,R0
col,9023744,-0.036704555,-70.59893618,R0
col,9023483,0.098821028,-70.47816345,R0
col,9023003,0.180725259,-70.35663135,R0
col,9023005,0.157411722,-70.3404175,R0
col,9023156,0.130845597,-70.62212931,R0
col,9023030,0.152855189,-70.6413081,R0
col,9023031,0.158303944,-70.63568837,R0
col,9022979,0.175795312,-70.64929153,R0
col,9022980,0.184319299,-70.63794197,R0
col,9023161,0.199300045,-70.55285627,R0
col,9022044,0.50107655,-70.60817725,R0
col,9022187,0.442566399,-70.61890357,R0
col,9022186,0.432496064,-70.63417995,R0
col,9022285,0.395910486,-70.61552924,R0
col,9022521,0.33873819,-70.57226103,R0
col,9022421,0.347090345,-70.64798541,R0
col,9023911,-0.097202423,-70.36485088,R0
col,9023981,-0.147998059,-70.31045575,R0
col,9023910,-0.091712246,-70.29488996,R0
col,9024479,-0.223333616,-70.24179127,R0
col,9023958,-0.114687413,-70.22560393,R0
col,9021441,0.689230355,-77.48410738,R0
col,9021440,0.674996006,-77.49495543,R0
col,9022060,0.491905633,-77.30051519,R0
col,9022325,0.462339616,-77.10930069,R0
col,9022274,0.440523159,-77.1606229,R0
col,9021957,0.503804304,-77.1949517,R0
col,9021942,0.526156114,-77.21183638,R0
col,9021958,0.587449776,-77.22047289,R0
col,9021085,0.813678456,-77.60729836,R0
col,9020949,0.882236244,-77.57568788,R0
col,9020833,0.895416672,-77.53958334,R0
col,9021985,0.501564387,-76.91594675,R0
col,9021526,0.809545887,-77.12186444,R0
col,9021231,0.768132596,-76.73170956,R0
col,9021420,0.688767099,-76.72541902,R0
col,9021494,0.672800378,-76.80313214,R0
col,9021450,0.746904882,-77.00148483,R0
col,9021482,0.661953576,-76.9303967,R0
col,9021401,0.72955058,-76.90318501,R0
col,9021451,0.678891206,-76.89598152,R0
col,9021631,0.64203648,-76.65798891,R0
col,9021846,0.573538522,-76.71232701,R0
col,9022017,0.537355419,-76.99957473,R0
col,9021111,0.808532547,-75.52497796,R0
col,9020699,0.962966746,-75.70045161,R0
col,9020879,0.913680145,-75.67275232,R0
col,9020917,0.866694076,-75.66880481,R0
col,9020971,0.865544574,-75.57366964,R0
col,9020650,0.975571568,-76.3556192,R0
col,9020697,0.952259174,-76.32545925,R10
col,9020532,1.01838493,-76.15913892,R0
col,9020499,1.045222041,-76.041497,R0
col,9020778,0.944001304,-76.08706951,R0
col,9021110,0.820072672,-75.54711394,R0
col,9021295,0.738185165,-75.53373254,R0
col,9020677,0.957977586,-75.91533062,R0
col,9020651,0.975262842,-75.92402245,R0
col,9020598,0.997806116,-75.9342582,R0
col,9020504,1.023604832,-75.92107303,R0
col,9020961,0.885696471,-75.80423287,R0
col,9021286,0.747552489,-75.34076988,R0
col,9021300,0.724166672,-75.26583334,R0
col,9020955,0.850005538,-75.67552536,R0
col,9020970,0.856746872,-75.61741336,R0
col,9021198,0.774391548,-75.49349053,R0
col,9021309,0.738896859,-75.48786471,R0
col,9021269,0.737021655,-75.42206861,R0
col,9021702,0.644314836,-76.0413925,R0
col,9021704,0.6092906,-76.07574722,R0
col,9021705,0.588669718,-76.02044763,R0
col,9021384,0.755287735,-76.23693912,R0
col,9021383,0.781358906,-76.32868563,R0
col,9021471,0.677623425,-76.23550521,R0
col,9021861,0.548652937,-75.66936465,R0
col,9021724,0.587737852,-75.60135689,R0
col,9021838,0.552510637,-75.5812826,R0
col,9021857,0.550393748,-75.52942741,R0
col,9021969,0.519574467,-75.61133778,R0
col,9021442,0.782668587,-75.92210749,R0
col,9021730,0.638280904,-75.82771626,R0
col,9021436,0.676041672,-75.72297349,R0
col,9021626,0.642507365,-75.67826967,R0
col,9021811,0.549413574,-75.49958334,R0
col,9021876,0.537360039,-75.48085219,R0
col,9021877,0.541636275,-75.45760948,R0
col,9021982,0.508461127,-75.46452701,R0
col,9020525,1.029039448,-76.89551381,R0
col,9020861,0.932928425,-76.60183686,R0
col,9021155,0.814579881,-76.62395457,R0
col,9021095,0.840727612,-76.57909321,R0
col,9020862,0.892943355,-76.57872813,R0
col,9021094,0.905274178,-76.65629616,R0
col,9021164,0.822082101,-76.89008696,R0
col,9021090,0.837223916,-76.84136665,R0
col,9021069,0.829287203,-76.7815121,R0
col,9021107,0.797628532,-76.76677305,R0
col,9021232,0.839021068,-76.71590032,R0
col,9021528,0.660370721,-69.12582953,R0
col,9021398,0.707444594,-69.15945709,R0
col,9021361,0.733107902,-69.24394465,R0
col,9021298,0.775256336,-69.16552758,R0
col,9020975,0.851577635,-69.18247879,R0
col,9020743,0.933912053,-69.27937802,R0
col,9020435,1.062901736,-69.60672845,R0
col,9020684,0.981502448,-69.92876901,R0
col,9020619,0.984717942,-69.88523997,R0
col,9020547,1.023485754,-69.86996574,R0
col,9020745,0.946733109,-69.23879848,R0
col,9020638,1.054955127,-69.35325871,R0
col,9020736,0.954062196,-69.33674969,R0
col,9021812,0.566038463,-69.95806303,R0
col,9021732,0.583739261,-69.85788538,R0
col,9021687,0.647067351,-69.96346196,R0
col,9021483,0.697998862,-69.42912995,R0
col,9021484,0.691517881,-69.38687922,R0
col,9021563,0.642079733,-69.37713917,R0
col,9021278,0.750011894,-69.8252927,R0
col,9021279,0.737929548,-69.79107984,R0
col,9021638,0.60442148,-69.77224201,R0
col,9021463,0.706262784,-69.73737091,R0
col,9021639,0.629700046,-69.72337696,R0
col,9021144,0.812004533,-69.56569561,R0
col,9021102,0.810956343,-69.52197382,R0
col,9021261,0.76007976,-69.49516864,R0
col,9021265,0.73556096,-69.46868485,R0
col,9021258,0.745727427,-69.46203512,R0
col,9020987,0.848004719,-69.5255072,R0
col,9020986,0.851182552,-69.54626455,R0
col,9020846,0.894427028,-69.72034949,R0
col,9020811,0.906598293,-69.67809235,R0
col,9020900,0.885497215,-69.6479766,R0
col,9020933,0.857762205,-69.64127304,R0
col,9020322,1.107960838,-76.01221846,R0
col,9020519,1.015969157,-75.90013829,R0
col,9020461,1.04381311,-75.93384487,R0
col,9020460,1.046725867,-75.95795138,R0
col,9020144,1.136041909,-72.63421162,R0
col,9020185,1.131019337,-72.60542094,R0
col,9022138,0.440040077,-71.91452828,R0
col,9022351,0.423713801,-71.85557713,R0
col,9022111,0.473315828,-71.91639599,R0
col,9022350,0.364588854,-71.84965632,R0
col,9021947,0.509147011,-71.91745254,R0
col,9021949,0.507817293,-71.93771412,R0
col,9022488,0.349318006,-71.79454533,R0
col,9021013,0.830062868,-72.35818048,R0
col,9020962,0.864294772,-72.31667548,R0
col,9020959,0.888736505,-72.33916825,R0
col,9021492,0.707618546,-72.13904501,R0
col,9021177,0.78404072,-72.24945205,R0
col,9022924,0.187058605,-71.64181258,R0
col,9022920,0.196790126,-71.62475096,R0
col,9022984,0.187753912,-71.58061282,R0
col,9022586,0.297592502,-71.76434996,R0
col,9023225,0.12361645,-71.48034471,R0
col,9023018,0.172177776,-71.46584515,R0
col,9023196,0.119355881,-71.43526545,R0
col,9023067,0.159241126,-71.38039684,R0
col,9023326,0.115821028,-71.58464204,R0
col,9020420,1.090767163,-72.77205922,R0
col,9020654,0.99948052,-72.92627811,R0
col,9020306,1.133003153,-72.85348785,R0
col,9021522,0.715270822,-73.05356097,R0
col,9021148,0.783804653,-72.91796238,R0
col,9021147,0.788160056,-73.01290912,R0
col,9021086,0.802506049,-73.06811739,R0
col,9020771,0.969884998,-72.88430337,R0
col,9021070,0.85910501,-73.05074163,R0
col,9020839,0.930038233,-73.20798605,R0
col,9020776,0.940456328,-73.15270248,R0
col,9020641,0.968548397,-73.20412268,R0
col,9020640,0.974114863,-73.27168244,R0
col,9020623,0.977069314,-73.24263117,R0
col,9020632,0.977845784,-73.18005008,R0
col,9023299,0.08343097,-73.65145193,R0
col,9023220,0.099018433,-73.80477091,R0
col,9023100,0.143751302,-73.8413129,R0
col,9020702,0.972738209,-75.22133068,R0
col,9020614,1.006058448,-75.13494099,R0
col,9021301,0.739365259,-75.248665,R0
col,9021209,0.801522556,-75.2399428,R0
col,9021210,0.783133193,-75.20375191,R0
col,9021287,0.823687368,-75.31219432,R0
col,9020926,0.897547226,-75.20729542,R0
col,9025395,-0.568815667,-73.06531641,R0
col,9025107,-0.457402503,-73.36080683,R0
col,9025154,-0.514055265,-73.31657418,R0
col,9025120,-0.48916306,-73.42615753,R0
col,9025186,-0.52121121,-73.40147802,R0
col,9024853,-0.370937625,-73.60211667,R0
col,9025132,-0.505635082,-73.54790782,R0
col,9025061,-0.435448589,-73.52013506,R0
col,9025174,-0.516121793,-73.48466827,R0
col,9024838,-0.416876383,-73.66665606,R0
col,9024836,-0.360009375,-73.65871509,R0
col,9024807,-0.405537095,-73.80753763,R0
col,9024750,-0.387348235,-73.84702048,R0
col,9024101,-0.152222482,-73.9498225,R0
col,9024171,-0.126569743,-74.15018319,R0
col,9024100,-0.1193953,-74.00223332,R0
col,9024172,-0.102320733,-74.06846104,R0
col,9024724,-0.366942383,-73.84960688,R0
col,9024615,-0.332728226,-73.85232106,R0
col,9024616,-0.310547703,-73.83909776,R0
col,9024713,-0.291961122,-73.72051865,R0
col,9024367,-0.234774166,-73.85292201,R0
col,9024372,-0.178027705,-73.86187253,R0
col,9022827,0.217232488,-74.81828398,R0
col,9023710,-0.059898894,-74.67530331,R0
col,9023703,0.084810435,-74.68763931,R0
col,9024096,-0.169004404,-74.27665735,R0
col,9023924,-0.110024513,-74.41684206,R0
col,9023915,-0.104318266,-74.54127657,R0
col,9023761,-0.078859656,-74.46677848,R0
col,9023692,-0.047691445,-74.61925014,R0
col,9024206,-0.226370545,-74.11732981,R0
col,9024241,-0.225157927,-74.07006911,R0
col,9024577,-0.33065121,-73.99634734,R0
col,9023583,0.002382287,-74.14908583,R0
col,9023584,-0.019914064,-74.14215479,R0
col,9022743,0.255126716,-74.94399039,R0
col,9022403,0.386178789,-75.00140528,R0
col,9022205,0.428371629,-74.95498672,R0
col,9021657,0.657791605,-75.24584697,R0
col,9021848,0.567928269,-75.22788349,R0
col,9021813,0.652312633,-75.12268133,R0
col,9021814,0.590315456,-75.09854575,R0
col,9022012,0.493962876,-75.14804984,R0
col,9021938,0.531259781,-75.10253076,R0
col,9021197,0.757149113,-75.46497193,R0
col,9021252,0.747071297,-75.43456869,R0
col,9021568,0.639857477,-74.83924053,R0
col,9021455,0.675756705,-74.89638914,R0
col,9021409,0.742468091,-74.94792479,R0
col,9021016,0.839530168,-74.87701792,R0
col,9021649,0.619456791,-74.72566644,R0
col,9023945,-0.131871463,-74.31087049,R0
col,9023929,-0.081601288,-74.27831624,R0
col,9023054,0.162560721,-74.05403861,R0
col,9023215,0.116142524,-74.30490427,R0
col,9023216,0.15255657,-74.2793469,R0
col,9023562,0.041562217,-74.26384443,R0
col,9023570,-0.018249,-74.22358118,R0
col,9023132,0.156873432,-74.50923871,R0
col,9022849,0.210894519,-74.53222873,R0
col,9022850,0.225224874,-74.52534216,R0
col,9023159,0.115115239,-74.49267992,R0
col,9023160,0.120185489,-74.47967858,R0
col,9023170,0.11058946,-74.52764229,R0
col,9023488,0.018556401,-74.45638272,R0
col,9023492,0.050353452,-74.48400432,R0
col,9023834,-0.045908138,-74.38385736,R0
col,9022374,0.378960198,-74.6005045,R0
col,9022828,0.227596241,-74.73510443,R0
col,9022748,0.237545898,-74.69797909,R0
col,9022739,0.250974886,-74.71627461,R0
col,9022645,0.279226007,-74.73410049,R0
col,9022646,0.310555626,-74.73170353,R0
col,9022153,0.449298162,-74.81227208,R0
col,9022198,0.420505707,-74.78490172,R0
col,9022154,0.498562995,-74.77351127,R0
col,9022199,0.421963996,-74.76611772,R0
col,9022346,0.386397955,-74.77513367,R0
col,9022380,0.355117051,-74.81163873,R0
col,9023007,0.187245737,-73.15178842,R0
col,9022608,0.304189577,-73.25535841,R0
col,9022389,0.350314977,-73.25046579,R0
col,9022388,0.411102423,-73.2574621,R0
col,9021390,0.712425304,-73.22606311,R0
col,9021297,0.75194153,-73.27608475,R0
col,9022840,0.232219129,-73.26596655,R0
col,9022839,0.220770066,-73.28109028,R0
col,9022754,0.25196088,-73.28867421,R0
col,9022607,0.368474831,-73.31332522,R0
col,9021617,0.612363631,-73.3049562,R0
col,9021612,0.652920967,-73.31687839,R0
col,9021389,0.705959082,-73.2908636,R0
col,9021296,0.773603512,-73.32244082,R0
col,9022215,0.464776796,-73.48650726,R0
col,9021915,0.524417766,-73.41310436,R0
col,9021909,0.538930783,-73.43943589,R0
col,9021832,0.574450334,-73.35600722,R0
col,9021831,0.577313384,-73.39178826,R0
col,9021775,0.579638362,-73.43180111,R0
col,9021774,0.649829543,-73.46544398,R0
col,9022475,0.346886047,-73.432356,R0
col,9022474,0.358806036,-73.49956868,R0
col,9020951,0.863896521,-73.49174885,R0
col,9020828,0.906961662,-73.44522447,R0
col,9020829,0.909476784,-73.42755859,R0
col,9020950,0.873639584,-73.53814628,R0
col,9022018,0.528048267,-73.56256885,R0
col,9022214,0.441563366,-73.54619487,R0
col,9023493,0.048854911,-72.22612312,R0
col,9023211,0.108786414,-72.21306788,R0
col,9023203,0.113711014,-72.25403577,R0
col,9023195,0.11699979,-72.29884296,R0
col,9023073,0.158679751,-72.25553429,R0
col,9023094,0.165872522,-72.14001779,R0
col,9022884,0.200416672,-72.10104168,R0
col,9022883,0.238453404,-72.06767135,R0
col,9023093,0.185376978,-72.18973393,R0
col,9023889,-0.080479605,-72.11027803,R0
col,9023667,-0.03636975,-72.09761562,R0
col,9023589,-0.013425098,-72.11015202,R0
col,9023523,-0.002657637,-72.16014358,R0
col,9023516,-0.001654854,-72.11360971,R0
col,9023498,0.01470331,-72.09494616,R0
col,9023497,0.027860849,-72.12051076,R0
col,9023428,0.044808267,-72.06611348,R0
col,9023909,-0.128720979,-72.02627608,R0
col,9024324,-0.255345677,-72.27489187,R0
col,9024269,-0.183158688,-72.27580397,R0
col,9023916,-0.133958328,-72.29079168,R0
col,9023933,-0.11469883,-72.25827245,R0
col,9023741,-0.053471922,-72.26487641,R0
col,9023742,-0.032452808,-72.23669459,R0
col,9024325,-0.256220035,-72.25075884,R0
col,9024375,-0.263650676,-72.1900403,R0
col,9023245,0.09121133,-72.3739816,R0
col,9023719,0.001545735,-72.42549324,R0
col,9022615,0.340344618,-73.01885291,R0
col,9022658,0.361596662,-73.0826642,R0
col,9022201,0.465485563,-72.91123099,R0
col,9021878,0.535814889,-72.95374682,R0
col,9021884,0.547312481,-72.89827928,R0
col,9021885,0.556245601,-72.87757594,R0
col,9021789,0.556718474,-72.94485651,R0
col,9021790,0.560999984,-72.93047381,R0
col,9021755,0.591477289,-72.93669078,R0
col,9022200,0.414508253,-72.96888142,R0
col,9022649,0.266574008,-72.95132162,R0
col,9022641,0.342132512,-72.93058517,R0
col,9022756,0.249441251,-72.92592491,R0
col,9023279,0.149227798,-72.91087977,R0
col,9022757,0.29151036,-72.85505951,R0
col,9023280,0.153853651,-72.80671581,R0
col,9023106,0.223884771,-72.65309672,R0
col,9023292,0.102126951,-72.65033031,R0
col,9023257,0.097047309,-72.58416309,R0
col,9023454,0.052957334,-72.55970725,R0
col,9023290,0.079213098,-72.48233949,R0
col,9023456,0.040179782,-72.77052388,R0
col,9023265,0.09187125,-72.71547513,R0
col,9022587,0.295183046,-72.03153401,R0
col,9022588,0.281980068,-72.03009408,R0
col,9023409,0.053042247,-71.77219925,R0
col,9023371,0.054829033,-71.83089064,R0
col,9024037,-0.142120212,-71.83212152,R0
col,9023313,0.074510155,-71.75513957,R0
col,9023353,0.090017256,-71.85049243,R0
col,9023399,0.040791828,-71.91604176,R0
col,9024071,-0.181066117,-71.84009881,R0
col,9023360,0.099192521,-71.92589316,R0
col,9023429,0.031809901,-72.0149557,R0
col,9024127,-0.183842367,-71.98638488,R0
col,9024702,-0.333069357,-72.29060048,R0
col,9020717,0.985933778,-72.61553659,R0
col,9022392,0.352036896,-72.27279115,R0
col,9022393,0.362074087,-72.22049989,R0
col,9022339,0.364230991,-72.15028407,R0
col,9022341,0.37964832,-72.28068738,R0
col,9022319,0.391607656,-72.15015655,R0
col,9022342,0.398288254,-72.26010534,R0
col,9021972,0.51922299,-72.26177845,R0
col,9021841,0.546887131,-72.24741288,R0
col,9021840,0.551869632,-72.26301098,R0
col,9021767,0.57326849,-72.24873589,R0
col,9021766,0.601772889,-72.2624682,R0
col,9021971,0.604576407,-72.33156826,R0
col,9022134,0.467608671,-72.25811776,R0
col,9022145,0.440873166,-72.23981408,R0
col,9022793,0.225789505,-72.42311826,R0
col,9022938,0.201385198,-72.41282131,R0
col,9023206,0.132520779,-72.38093923,R0
col,9022939,0.188142298,-72.38019018,R0
col,9022881,0.218329901,-72.37363245,R0
col,9022882,0.273521827,-72.32258343,R0
col,9021667,0.730613177,-72.75789466,R0
col,9021218,0.75537777,-72.65880256,R2
col,9021200,0.757803812,-72.69412845,R2
col,9021193,0.759386724,-72.68559672,R2
col,9021227,0.761144062,-72.59440472,R0
col,9021213,0.76875641,-72.63425593,R0
col,9020746,0.93827747,-72.61578146,R0
col,9021968,0.589068839,-72.54862745,R0
col,9021519,0.656454404,-72.50450334,R0
col,9021397,0.72024318,-72.55586529,R0
col,9021216,0.762804051,-72.53648824,R0
col,9021215,0.768007318,-72.55545247,R0
col,9021126,0.862412026,-72.55825271,R0
col,9022659,0.298685679,-72.56293717,R0
col,9022657,0.365889839,-72.5009776,R0
col,9022082,0.474406823,-72.56901815,R0
col,9022007,0.48816606,-72.49075373,R0
col,9022003,0.493283551,-72.50553687,R0
col,9022792,0.240068808,-72.46810705,R0
col,9022033,0.476773524,-72.63445501,R0
col,9022032,0.501296592,-72.65670627,R0
col,9022027,0.538502833,-72.64641361,R0
col,9021668,0.616366503,-72.67068625,R0
col,9022056,0.481917815,-72.71667206,R0
col,9024264,-0.234017717,-72.3913486,R0
col,9024271,-0.236711588,-72.43092413,R0
col,9024268,-0.235659595,-72.88127564,R0
col,9024228,-0.211582034,-72.84230238,R0
col,9024239,-0.240839929,-72.81876595,R0
col,9024293,-0.248189197,-72.81768053,R0
col,9023681,-0.048466494,-73.01900693,R0
col,9023675,-0.021508821,-73.00688383,R0
col,9023645,-0.017467754,-73.03873667,R0
col,9023644,0.002473062,-73.09175169,R0
col,9023490,0.009720765,-73.00672621,R0
col,9023489,0.012380148,-73.01644058,R0
col,9023432,0.027446255,-73.01515453,R0
col,9023431,0.084246202,-73.02709167,R0
col,9023972,-0.142049654,-73.05858581,R0
col,9024028,-0.161462431,-73.03241869,R0
col,9024001,-0.153442546,-73.01304968,R0
col,9024005,-0.10302245,-73.01027704,R0
col,9024122,-0.167254294,-72.96754873,R0
col,9024207,-0.217068852,-72.9251175,R0
col,9024123,-0.186228002,-72.91668189,R0
col,9024006,-0.103334182,-72.90472266,R0
col,9024147,-0.161477838,-72.59339359,R0
col,9024151,-0.186968413,-72.4918613,R0
col,9024159,-0.213629422,-72.50495351,R0
col,9024274,-0.229467572,-72.53490198,R0
col,9023947,-0.116966239,-72.67638401,R0
col,9024229,-0.23503583,-72.78983657,R0
col,9024198,-0.227893974,-72.77379037,R0
col,9024199,-0.218444203,-72.75075843,R0
col,9024161,-0.193293434,-72.70412235,R0
col,9024086,-0.17821677,-72.66480195,R0
col,9024019,-0.162499994,-72.68083334,R0
col,9024018,-0.156755787,-72.68711649,R0
col,9023986,-0.149881665,-72.65985453,R0
col,9024407,-0.251183121,-72.74799485,R0
col,9025142,-0.497148538,-72.33668183,R0
col,9025141,-0.470859039,-72.38610051,R0
col,9025028,-0.415637324,-72.34169033,R0
col,9024637,-0.304097533,-72.3632997,R0
col,9025029,-0.449862217,-72.28185638,R0
col,9025403,-0.574555957,-72.26903758,R0
col,9025278,-0.545378706,-72.32060349,R0
col,9025258,-0.542652792,-72.30202834,R0
col,9024309,-0.208664688,-73.2769186,R0
col,9024450,-0.245283213,-73.23581042,R0
col,9024449,-0.283275008,-73.29674386,R0
col,9024308,-0.250656471,-73.32159266,R0
col,9024238,-0.190182828,-73.32598076,R0
col,9023919,-0.126103673,-73.46402426,R0
col,9023920,-0.126978076,-73.4382434,R0
col,9024166,-0.196155261,-73.5040914,R0
col,9024167,-0.178701763,-73.44850237,R0
col,9024237,-0.22944695,-73.39256345,R0
col,9025226,-0.479597678,-73.12759558,R0
col,9024608,-0.329876844,-73.247804,R0
col,9024609,-0.299576379,-73.20511443,R0
col,9024769,-0.373126224,-73.20245647,R0
col,9024770,-0.383652855,-73.18792043,R0
col,9024039,-0.107727756,-73.62361471,R0
col,9024040,-0.151516267,-73.56692648,R0
col,9025694,-0.677584348,-72.6058701,R0
col,9025494,-0.640345615,-72.6580019,R0
col,9025166,-0.460854226,-72.62868099,R0
col,9025490,-0.623376151,-72.26661586,R0
col,9025489,-0.609627722,-72.37463057,R0
col,9025349,-0.56410865,-72.46390378,R0
col,9025415,-0.599597959,-72.86737139,R0
col,9025426,-0.614538577,-72.8923815,R0
col,9025374,-0.573492925,-72.7786839,R0
col,9025261,-0.545665209,-72.74565028,R0
col,9025036,-0.46740823,-72.78241145,R0
col,9025037,-0.440799679,-72.76494432,R0
col,9025162,-0.457510865,-72.70394454,R0
col,9025209,-0.509856645,-72.75763418,R0
col,9025210,-0.529312816,-72.7349393,R0
col,9025409,-0.596941626,-72.93996249,R0
col,9025363,-0.510927296,-72.93249938,R0
col,9024886,-0.423275371,-72.93497372,R0
col,9024885,-0.390843067,-72.97253043,R0
col,9019877,1.223146154,-76.79072006,R25
col,9020536,1.022976709,-76.79577108,R0
col,9020534,1.044292687,-76.76577469,R0
col,9020194,1.137400554,-76.96875399,R5
col,9020053,1.167414534,-76.92989126,R5
col,9020592,1.016830286,-77.16122794,R0
col,9020593,0.993958608,-77.13500552,R0
col,9020378,1.070059373,-77.30103542,R0
col,9020279,1.093402622,-77.31366362,R0
col,9019881,1.296424367,-77.50224674,R0
col,9019593,1.352739839,-77.46401051,R5
col,9020106,1.167153146,-77.96150928,R0
col,9020259,1.153304225,-77.88799482,R0
col,9019248,1.457920166,-76.65564361,R0
col,9019753,1.32809745,-76.57841893,R0
col,9019437,1.411242414,-76.60513504,R0
col,9019834,1.279320975,-76.6227208,R0
col,9020442,1.13610516,-76.55175349,R0
col,9019328,1.438921973,-76.71691529,R0
col,9019466,1.400720562,-76.80943106,R0
col,9019871,1.240607391,-76.78117984,R0
col,9020276,1.184077005,-76.68063604,R0
col,9020490,1.042415248,-76.59292857,R0
col,9020285,1.08719856,-76.63016977,R0
col,9019276,1.43989117,-77.10631634,R0
col,9019244,1.466331086,-77.09448446,R0
col,9019283,1.440966016,-77.0715159,R0
col,9019103,1.508513279,-77.35284812,R0
col,9019107,1.50959658,-77.33717312,R0
col,9019478,1.437104011,-77.48328048,R0
col,9019423,1.40473332,-74.88528465,R0
col,9019301,1.439122328,-74.97436467,R0
col,9019421,1.473276118,-74.80275712,R0
col,9023403,0.049264449,-73.22938873,R0
col,9023354,0.062356898,-73.32408669,R0
col,9023373,0.071222414,-73.40473973,R0
col,9023155,0.16909555,-73.56947388,R0
col,9023283,0.076599454,-73.58144113,R0
col,9023287,0.087872104,-73.53328993,R0
col,9022536,0.313798962,-73.79170395,R0
col,9022242,0.41337373,-73.74632797,R0
col,9022490,0.350219621,-73.72093438,R0
col,9022243,0.405317925,-73.72016692,R0
col,9022704,0.283000779,-73.66770282,R0
col,9022711,0.246710405,-73.6296374,R0
col,9023184,0.118777096,-73.73369916,R0
col,9023269,0.088536483,-73.75386717,R0
col,9023166,0.119095451,-73.81642636,R0
col,9023101,0.133826916,-73.83256365,R0
col,9022338,0.385685098,-73.84268194,R0
col,9022337,0.408939715,-73.8969136,R0
col,9021512,0.726502946,-74.82358436,R0
col,9021017,0.903233573,-74.85092504,R0
col,9020595,1.066491103,-74.94806078,R0
col,9021645,0.620053819,-74.66792478,R0
col,9021719,0.586129935,-74.59863205,R0
col,9021825,0.566368134,-74.5038591,R0
col,9021747,0.577853391,-74.63164444,R0
col,9022744,0.2572876,-73.97078873,R0
col,9021650,0.670085153,-74.42314105,R0
col,9022462,0.372193959,-74.06025732,R0
col,9022877,0.2815226,-74.33636047,R0
col,9021555,0.662250051,-74.28347967,R0
col,9019741,1.277708338,-74.82187501,R0
col,9019742,1.299514511,-74.81984177,R0
col,9019619,1.355099341,-74.83188946,R0
col,9019620,1.390234724,-74.77160536,R0
col,9019940,1.242632706,-74.78781607,R0
col,9019941,1.262592638,-74.72354139,R0
col,9020070,1.207058324,-74.89015145,R0
col,9022553,0.302967444,-74.07522777,R0
col,9022554,0.306087358,-74.0513149,R0
col,9022722,0.265459569,-74.07975839,R0
col,9022518,0.306449334,-74.02661509,R0
col,9022594,0.288894306,-74.02109423,R0
col,9022721,0.25045025,-74.10424716,R0
col,9022524,0.323859103,-74.11389605,R0
col,9022595,0.284369724,-74.00216094,R0
col,9021908,0.538370813,-74.23194231,R0
col,9022162,0.4695719,-74.19062871,R0
col,9021904,0.539546922,-74.17150683,R0
col,9022310,0.389198281,-74.14452082,R0
col,9022163,0.455614982,-74.12608165,R0
col,9022311,0.380341604,-74.11414871,R0
col,9022923,0.2374885,-74.24509496,R0
col,9021869,0.549858115,-74.32376967,R0
col,9022901,0.214187406,-74.12347745,R0
col,9022922,0.196101634,-74.27128185,R0
col,9022960,0.192257885,-74.20525481,R0
col,9021556,0.636737372,-74.25479504,R0
col,9021679,0.608716678,-74.25149037,R0
col,9021680,0.607144168,-74.22347381,R0
col,9021770,0.576185954,-74.25109537,R0
col,9020280,1.119834259,-74.81550301,R0
col,9020075,1.171324168,-74.89503306,R0
col,9021302,0.726139126,-74.56430774,R0
col,9021303,0.741770532,-74.52882076,R0
col,9021259,0.76258533,-74.57524878,R0
col,9021260,0.801354209,-74.51630225,R0
col,9021124,0.841285162,-74.65625976,R0
col,9021101,0.892058362,-74.57018056,R0
col,9020281,1.134891206,-74.76659706,R0
col,9020476,1.058716739,-74.75960746,R0
col,9020805,0.911466513,-74.75233531,R0
col,9020555,1.010667742,-74.72674846,R0
col,9020782,0.950375829,-74.72371068,R0
col,9020477,1.063260603,-74.69253248,R0
col,9020574,1.004249926,-74.6674892,R0
col,9021673,0.646401723,-74.50138666,R0
col,9021706,0.59070914,-74.41355137,R0
col,9021773,0.571159943,-74.40848865,R0
col,9021707,0.632894605,-74.38721656,R0
col,9020579,1.100841329,-74.40653913,R0
col,9021499,0.69809073,-74.05997555,R0
col,9020694,0.964973242,-74.26502073,R0
col,9020965,0.86637945,-74.13380444,R0
col,9021192,0.762657789,-74.12967731,R0
col,9021199,0.831543016,-74.2577624,R0
col,9021480,0.691579166,-74.01648343,R0
col,9022724,0.248749697,-74.52532288,R0
col,9022723,0.28469761,-74.54658366,R0
col,9022904,0.201250006,-74.52125001,R0
col,9022905,0.197418225,-74.50846102,R0
col,9022375,0.378770749,-74.57340985,R0
col,9022428,0.338977776,-74.56634831,R0
col,9022429,0.357827192,-74.53239971,R0
col,9023363,0.110159879,-73.15698696,R0
col,9023066,0.173207193,-73.23903815,R0
col,9022834,0.252594273,-73.37766206,R0
col,9021849,0.570437482,-73.69335882,R0
col,9022065,0.4964294,-73.60816103,R0
col,9019529,1.412632514,-77.7691116,R2
col,9019158,1.49342433,-77.69840531,R0
col,9019211,1.50409973,-77.85983118,R0
col,9019790,1.281382957,-66.88881774,R0
col,9019676,1.315634761,-66.91711277,R0
col,9019653,1.316295245,-66.85910331,R0
col,9019617,1.367828403,-66.86440166,R0
col,9019829,1.26901861,-66.93439026,R0
col,9019410,1.408515848,-66.93093092,R0
col,9019308,1.516361615,-66.92640501,R0
col,9018912,1.605351659,-67.00100283,R0
col,9018816,1.639758176,-66.96847089,R0
col,9019883,1.232545473,-66.99501646,R0
col,9019826,1.270203058,-67.00512335,R0
col,9018687,1.661585098,-77.00163508,R0
col,9018561,1.707821283,-71.31392936,R0
col,9018694,1.669302622,-71.32760598,R0
col,9019911,1.303419531,-71.30025453,R0
col,9019377,1.40914087,-71.25570851,R0
col,9019387,1.409565821,-71.27412922,R0
col,9019386,1.413751165,-71.28887654,R0
col,9019347,1.417728308,-71.25394235,R0
col,9019353,1.420603391,-71.22477004,R0
col,9019296,1.431290493,-71.24585763,R0
col,9020533,1.078691439,-71.25244845,R0
col,9020089,1.173059232,-71.23759462,R0
col,9020088,1.179436854,-71.26510769,R0
col,9019912,1.226612804,-71.27476576,R0
col,9020757,0.938881169,-71.06095638,R0
col,9020726,0.948637071,-71.1057022,R0
col,9020715,0.974056097,-71.02982288,R0
col,9020647,0.975920873,-71.08305359,R0
col,9020131,1.15096158,-71.02863359,R0
col,9020046,1.168781243,-71.02515224,R0
col,9020956,0.88314513,-71.21318402,R0
col,9020793,0.959483782,-71.15308756,R0
col,9020725,0.986255369,-71.12268206,R0
col,9020700,0.994301932,-71.23083124,R0
col,9020221,1.129826316,-71.43710941,R0
col,9020323,1.081291366,-71.42775869,R0
col,9020299,1.110696479,-71.3909099,R0
col,9020537,1.038704841,-71.39195391,R0
col,9020556,0.998665016,-71.40679007,R0
col,9019759,1.301017471,-71.52658745,R0
col,9019587,1.353127213,-71.50338986,R0
col,9019482,1.385498708,-71.48684235,R0
col,9019404,1.39897625,-71.46469098,R0
col,9019124,1.497975453,-71.43789047,R0
col,9020400,1.09507329,-71.57998232,R0
col,9020103,1.178618197,-71.52143889,R0
col,9020137,1.142570891,-71.47762951,R0
col,9020138,1.218870529,-71.45826877,R0
col,9020220,1.11826588,-71.45749043000001,R0
col,9020600,1.015256239,-71.5811668,R0
col,9020696,0.973385785,-71.74503631,R0
col,9020887,0.886534613,-71.52149268,R0
col,9020892,0.889193733,-71.56328955,R0
col,9020816,0.94315204,-71.54424178,R0
col,9020603,0.979791672,-71.57229168,R0
col,9020718,0.949901676,-71.36074847,R0
col,9020659,0.987844459,-71.35347755,R0
col,9020669,0.991509603,-71.30714545,R0
col,9021426,0.69946729,-71.54415977,R0
col,9021412,0.712650106,-71.48412143,R0
col,9021273,0.734029539,-71.45851218,R0
col,9021257,0.746253404,-71.45547181,R0
col,9021194,0.761837279,-71.49002719,R0
col,9021195,0.77110861,-71.46590368,R0
col,9021782,0.566531938,-71.07869316,R0
col,9021734,0.589330918,-71.04494866,R0
col,9021618,0.615712178,-71.0595793,R0
col,9021662,0.600033848,-71.28027639,R0
col,9021651,0.636302406,-71.21962778,R0
col,9021417,0.685208339,-71.25875001,R0
col,9021416,0.722213054,-71.3000063,R0
col,9021711,0.607361138,-71.33840382,R0
col,9018723,1.653512714,-69.98656884,R0
col,9020311,1.127742965,-69.88026024,R0
col,9020025,1.196953938,-69.96452484,R0
col,9019976,1.258505696,-69.88909918,R0
col,9019575,1.37629095,-69.95167251,R0
col,9019576,1.396244203,-69.89004179,R0
col,9019385,1.480643896,-70.03486774,R0
col,9019388,1.433949336,-70.12207443,R0
col,9019163,1.498589718,-70.36740456,R0
col,9019132,1.525767432,-70.20958094,R0
col,9018953,1.563753929,-70.2198796,R0
col,9018952,1.602685084,-70.30513989,R0
col,9018756,1.658290487,-70.38652964,R0
col,9019159,1.500410989,-70.68827461,R0
col,9019070,1.537859076,-70.55299034,R0
col,9018755,1.653270652,-70.52891957,R0
col,9021059,0.811489177,-70.94997632,R0
col,9021042,0.878866687,-70.99138395,R0
col,9021253,0.764703794,-71.03140043,R0
col,9020912,0.871398129,-70.70061057,R0
col,9020911,0.893208968,-70.84953003,R0
col,9020870,0.893789019,-70.75244878,R0
col,9020817,0.899791673,-70.81437501,R0
col,9020810,0.907794215,-70.8010267,R0
col,9020777,0.922110991,-70.79668107,R0
col,9020744,0.931328405,-70.8885432,R0
col,9021362,0.738323928,-70.90156472,R0
col,9021089,0.858356086,-70.91609844,R0
col,9021185,0.800611735,-70.66867998,R0
col,9021120,0.789074947,-70.60265554,R0
col,9020120,1.146416923,-70.79316298,R0
col,9020063,1.168169707,-70.79004336,R0
col,9019980,1.192197387,-70.79485963,R0
col,9019925,1.274434038,-70.88349486,R0
col,9019926,1.225789563,-70.79235819,R0
col,9020119,1.166587434,-70.89192527,R0
col,9020340,1.104967736,-70.82905952,R0
col,9020122,1.14862353,-70.96688426,R0
col,9020065,1.159276472,-70.98458282,R0
col,9020130,1.155420022,-70.31458138,R0
col,9020016,1.173501744,-70.31869134,R0
col,9020331,1.193339631,-70.06501087,R0
col,9020017,1.217496648,-70.2625399,R0
col,9019749,1.279005363,-70.19119701,R0
col,9019744,1.2874499,-70.24504635,R0
col,9019714,1.289513141,-70.18156638,R0
col,9020286,1.168063576,-70.62288967,R0
col,9020395,1.061989099,-69.84685583,R0
col,9020750,0.94065052,-70.01949444,R0
col,9020618,0.985688545,-70.01284957,R0
col,9020952,0.883625347,-69.98307356,R0
col,9020683,0.958589089,-69.98152516,R0
col,9020452,1.047197445,-69.88323693,R0
col,9021456,0.694089521,-70.64493908,R0
col,9021314,0.718325241,-70.58845874,R0
col,9021310,0.752355798,-70.59735021,R0
col,9020545,1.035133186,-70.03585151,R0
col,9020576,0.997677239,-70.07786002,R0
col,9020330,1.097969555,-70.07039711,R0
col,9020589,0.989230937,-70.14447085,R0
col,9020566,1.00082015,-70.14072703,R0
col,9020479,1.035017717,-70.30010522,R0
col,9020401,1.098815949,-70.30633692,R0
col,9020227,1.12269425,-70.37636953,R0
col,9019718,1.303913541,-70.33150417,R0
col,9019693,1.314368928,-70.28289324,R0
col,9019685,1.319035707,-70.41499964,R0
col,9019591,1.355694204,-70.40043728,R0
col,9019735,1.291195395,-70.45332686,R0
col,9020526,1.029680546,-70.31423932,R0
col,9020180,1.131685854,-70.45006892,R0
col,9020294,1.098848708,-70.45502247,R0
col,9019675,1.320717558,-70.48695895,R0
col,9019615,1.332191836,-70.55329155,R0
col,9019566,1.356662339,-70.63627418,R0
col,9019570,1.374984468,-70.57611401,R0
col,9020913,0.863440336,-70.68016831,R0
col,9020871,0.974402708,-70.69900387,R0
col,9020701,0.991786195,-70.6190487,R0
col,9020445,1.060213173,-70.50227928,R0
col,9020422,1.070058592,-70.71869773,R0
col,9020349,1.076975108,-70.6848967,R0
col,9020261,1.132816563,-70.73833227,R0
col,9021686,0.610105313,-70.29316638,R0
col,9021613,0.64727363,-70.17360364,R0
col,9021418,0.698771499,-70.18138442,R0
col,9021432,0.717950332,-70.24997336,R0
col,9021318,0.722082363,-70.18877406,R0
col,9021153,0.779378154,-70.32709441,R0
col,9021652,0.606391624,-70.20677551,R0
col,9021564,0.707450607,-70.44923536,R0
col,9021319,0.786475393,-70.16529578,R0
col,9022013,0.486701922,-70.4139214,R0
col,9022151,0.489538773,-70.12801314,R0
col,9021999,0.494426399,-70.43357703,R0
col,9021993,0.562174108,-70.38153819,R0
col,9021791,0.563982684,-70.13850285,R0
col,9021793,0.574976824,-70.2461102,R0
col,9021731,0.591386737,-70.14403539,R0
col,9021805,0.565372976,-70.06355118,R0
col,9021140,0.850695942,-70.32837403,R0
col,9022751,0.239605593,-70.09874214,R0
col,9022700,0.293066793,-70.12305308,R0
col,9022765,0.238935768,-70.25282272,R0
col,9022735,0.242661533,-70.14946855,R0
col,9022729,0.283989996,-70.21356512,R0
col,9021735,0.581437401,-71.02315374,R0
col,9021674,0.605578418,-71.01312377,R0
col,9021619,0.629033852,-71.05564076,R0
col,9021860,0.548702865,-70.87296724,R0
col,9021859,0.558358288,-70.94601007,R0
col,9022194,0.471207938,-70.77898323,R0
col,9022045,0.523101659,-70.57227996,R0
col,9022509,0.371619988,-70.53830976,R0
col,9019300,1.522933311,-78.02184139,R0
col,9018981,1.586566324,-77.98439748,R0
col,9018783,1.640312744,-78.01876232,R0
col,9018797,1.656461412,-77.9289851,R0
col,9018691,1.659057584,-78.00458464,R0
col,9018696,1.659801017,-77.98101211,R0
col,9018672,1.662083338,-77.98958334,R0
col,9018949,1.56322008,-77.85685017,R0
col,9018950,1.58002623,-77.84968303,R0
col,9019470,1.38522375,-78.045136,R0
col,9018649,1.676849691,-78.14989612,R0
col,9018685,1.670217829,-78.10269054,R0
col,9018673,1.683510686,-78.07439183,R0
col,9018642,1.68206513,-78.20495446,R0
col,9018596,1.693914607,-78.23543596,R0
col,9019215,1.540675977,-78.22573589,R0
col,9019093,1.555001084,-78.15101983,R0
col,9018977,1.576228873,-78.19402608,R0
col,9018838,1.603687814,-78.19887927,R0
col,9018812,1.636950905,-78.18681403,R0
col,9019880,1.283686565,-78.36161511,R0
col,9019521,1.368792852,-78.43344815,R0
col,9019520,1.374876427,-78.47251052,R0
col,9019879,1.225982037,-78.22380846,R0
col,9019859,1.359865946,-78.26238547,R0
col,9018882,1.596337279,-77.42404308,R0
col,9018815,1.640887117,-77.3710104,R0
col,9018409,1.763787082,-77.55978139,R0
col,9018408,1.812792533,-77.60740954,R0
col,9018131,1.86981368,-77.5722082,R0
col,9018881,1.587686592,-77.46061308,R0
col,9018309,1.826127183,-71.75600656,R0
col,9018523,1.739121773,-71.91406867,R0
col,9018419,1.763836317,-71.89139514,R0
col,9018407,1.778305884,-71.91823486,R0
col,9018371,1.78451482,-71.92991183,R0
col,9017945,1.969838018,-71.94922483,R0
col,9018296,1.882223815,-72.00603741,R0
col,9018454,1.779861669,-72.04688367,R0
col,9018361,1.789377893,-72.06528245,R0
col,9018254,1.844916293,-72.09230643,R0
col,9018119,1.871218241,-72.11640101,R0
col,9018088,1.896064326,-72.14698798,R0
col,9018050,1.904865988,-72.11015686,R0
col,9017942,1.927344113,-72.10795699,R0
col,9017930,1.951052589,-72.09428014,R0
col,9017981,1.923598953,-72.19254836,R0
col,9017934,1.930933046,-72.14311336,R0
col,9019099,1.525741365,-72.31679348,R0
col,9018853,1.641350287,-72.382737,R0
col,9018854,1.599427686,-72.31679386,R0
col,9019010,1.564865644,-72.29857745,R0
col,9018233,1.818974732,-72.38294687,R0
col,9018232,1.833411293,-72.4128129,R0
col,9019610,1.342410768,-71.71216061,R0
col,9019992,1.210690173,-71.69538154,R0
col,9019851,1.274764637,-71.69517821,R0
col,9019611,1.397902689,-71.68102662,R0
col,9020266,1.136984673,-71.65177866,R0
col,9019972,1.204639124,-71.64178013,R0
col,9020624,1.003738218,-71.64741431,R0
col,9019200,1.48052235,-71.73950274,R0
col,9019197,1.501390841,-71.7202336,R0
col,9019009,1.566510008,-71.76637214,R0
col,9019007,1.598088688,-71.73892219,R0
col,9019396,1.430593342,-71.95651778,R0
col,9019397,1.445424442,-71.91013145,R0
col,9019204,1.473565639,-71.96327257,R0
col,9019203,1.492401033,-71.98659243,R0
col,9019949,1.202911243,-71.87124609,R0
col,9019796,1.267306669,-71.81923571,R0
col,9019797,1.312525535,-71.8002595,R0
col,9019909,1.233710836,-71.7970961,R0
col,9019921,1.211387629,-71.76426051,R0
col,9020308,1.1368908659999999,-71.77383549,R0
col,9019844,1.241666672,-71.94166667,R0
col,9019823,1.250204371,-71.97254536,R0
col,9019824,1.281396409,-71.96417308,R0
col,9019608,1.334430274,-71.97864082,R0
col,9019609,1.336037477,-71.96263072,R0
col,9019592,1.349431629,-71.93529313,R0
col,9019565,1.371199382,-71.95143958,R0
col,9019905,1.224775898,-71.94645224,R0
col,9019892,1.244029223,-71.54398953,R0
col,9019758,1.286903631,-71.55586391,R0
col,9019586,1.394332157,-71.56537596,R0
col,9019392,1.421616434,-71.47938948,R0
col,9019265,1.465045531,-71.46464257,R0
col,9019481,1.502212046,-71.55468087,R0
col,9019123,1.5113047,-71.44204971,R0
col,9019264,1.546344203,-71.50067867,R0
col,9018742,1.641402362,-71.60766004,R0
col,9018743,1.664296093,-71.604223,R0
col,9020150,1.170155178,-71.58775892,R0
col,9019896,1.220518547,-71.56293512,R0
col,9020225,1.132212468,-71.52413367,R0
col,9019627,1.3417297,-72.05352516,R0
col,9019560,1.393049674,-72.00857106,R0
col,9019457,1.425028589,-72.16003155,R0
col,9019042,1.597098824,-72.03872222,R0
col,9019056,1.63586974,-72.24108994,R0
col,9019041,1.550888053,-72.0258228,R0
col,9019468,1.378280897,-72.11524865,R0
col,9019722,1.320780093,-72.39418045,R0
col,9019602,1.338227693,-72.25576021,R0
col,9019607,1.35205651,-72.21392589,R0
col,9019472,1.377862096,-72.15874675,R0
col,9019467,1.376596011,-72.12679704,R0
col,9019055,1.530503721,-72.26268087,R0
col,9019471,1.443788095,-72.25350916,R0
col,9020575,0.996753055,-71.71054229,R0
col,9020572,1.031674314,-71.99864026,R0
col,9020642,1.039209531,-71.95534836,R0
col,9020087,1.167722657,-72.66668145,R0
col,9020118,1.153659844,-72.63563434,R0
col,9020040,1.183269021,-72.62464996,R0
col,9020186,1.126728518,-72.58153777,R0
col,9020773,0.985564498,-72.40336385,R0
col,9020329,1.087169138,-72.52257125,R0
col,9020298,1.151078038,-72.40334717,R0
col,9019983,1.186716756,-72.71029483,R0
col,9019984,1.258290188,-72.68520956,R0
col,9020023,1.197574361,-72.17826346,R0
col,9020024,1.206534633,-72.12271929,R0
col,9020471,1.075666591,-72.18617905,R0
col,9020338,1.085751572,-72.28160664,R0
col,9020339,1.072177204,-72.27041778,R0
col,9020451,1.050376345,-72.28845553,R0
col,9020786,0.932558199,-71.97359435,R0
col,9020762,0.93292889,-71.94671637,R0
col,9020682,0.957370632,-71.93988912,R0
col,9020643,0.965246127,-71.92755479,R0
col,9020681,0.973136779,-71.95485381,R0
col,9020571,0.989232849,-71.97727907,R0
col,9021076,0.859327817,-71.99430432,R0
col,9021196,0.775406457,-71.97940519,R0
col,9020787,0.915506834,-71.96322969,R0
col,9020824,0.909914568,-71.92700691,R0
col,9020868,0.896232968,-72.30006375,R0
col,9020724,0.935153922,-72.35173043,R0
col,9020729,0.942651952,-72.35648296,R0
col,9020723,0.980828053,-72.32085477,R0
col,9021179,0.812541463,-72.28776042,R0
col,9021462,0.714601605,-72.02819631,R0
col,9021161,0.790594169,-72.02230451,R0
col,9021178,0.812722587,-72.20843996,R0
col,9021097,0.822453762,-72.26314949,R0
col,9021075,0.829844592,-72.05216927,R0
col,9017268,2.209980461,-78.63822023,R0
col,9017298,2.211861282,-78.56418305,R0
col,9019019,1.561021549,-78.57334413,R0
col,9019060,1.523315868,-78.68706598,R0
col,9019227,1.487847114,-78.65666795,R0
col,9019111,1.548928799,-78.54480918,R0
col,9018867,1.667201238,-78.62662716,R0
col,9018636,1.702345362,-78.57761581,R0
col,9018505,1.732540626,-78.60075882,R0
col,9019736,1.290739382,-78.51337834,R0
col,9019597,1.34315641,-78.52552097,R0
col,9019464,1.390701631,-78.63656134,R0
col,9019511,1.392178643,-78.60666594,R0
col,9019683,1.325115507,-78.56012412,R0
col,9018915,1.582715595,-78.91947889,R0
col,9018784,1.65458507,-78.91344544,R0
col,9018625,1.688365915,-78.79634046,R0
col,9019005,1.608665901,-78.7826999,R0
col,9019062,1.534474171,-78.71500622,R0
col,9019391,1.467399027,-78.68989797,R0
col,9018586,1.779682389,-78.48830375,R0
col,9018592,1.694186876,-78.4791649,R0
col,9018744,1.669434502,-78.46073086,R0
col,9007519,6.128245449,-75.43189083,R0
col,9007415,6.164681385,-75.36813559,R0
col,9007357,6.186718941,-75.35843017,R0
col,9000739,10.390021,-73.05896699,R0
col,9014019,3.408284934,-67.81886278,R0
col,9013419,3.627899705,-67.55660671,R0
col,9013374,3.638177439,-67.59102951,R0
col,9013306,3.704101349,-67.56151361,R0
col,9013141,3.731320237,-67.62362668,R0
col,9012909,3.837460843,-67.70110422,R0
col,9014642,3.14737547,-67.8479095,R0
col,9014889,3.081986247,-67.98868513,R0
col,9014772,3.104047724,-67.97816971,R0
col,9013156,3.746294519,-68.73305405,R0
col,9013200,3.728815976,-68.54799075,R0
col,9013213,3.698498085,-68.73551296,R0
col,9012600,3.99499586,-67.78625128,R0
col,9012673,3.909106408,-67.85827375,R0
col,9012632,3.936707143,-67.92421579,R0
col,9012875,3.852088752,-67.87827072,R0
col,9012544,3.969614688,-68.25858594,R0
col,9012618,3.946575606,-68.35148218,R0
col,9013018,3.761986089,-68.50629819,R0
col,9012998,3.774841487,-68.50574202,R0
col,9012971,3.86734889,-68.43964828,R0
col,9014371,3.280757982,-68.88443719,R0
col,9014471,3.200740803,-68.97345296,R0
col,9014484,3.19942956,-69.01181316,R0
col,9014483,3.203223331,-69.08655012,R0
col,9014627,3.164086529,-69.06900957,R0
col,9013616,3.541198149,-68.59203313,R0
col,9013580,3.560623338,-68.71217911,R0
col,9013952,3.429561928,-68.57650159,R0
col,9014016,3.396810168,-68.64589936,R0
col,9014063,3.390356122,-68.61635263,R0
col,9013705,3.571755634,-68.18618381,R0
col,9013380,3.637313842,-68.15999252,R0
col,9013309,3.67108672,-68.03558054,R0
col,9013197,3.716246634,-67.95006336,R0
col,9012918,3.813508115,-68.28845018,R0
col,9012922,3.800813899,-68.24737093,R0
col,9012923,3.828167118,-68.22915672,R0
col,9013063,3.790941248,-68.11494443,R0
col,9012837,3.862953026,-67.99956671,R0
col,9012844,3.840325872,-67.97476853,R0
col,9013003,3.807673792,-67.96158833,R0
col,9013094,3.766301781,-68.31025963,R0
col,9013019,3.761875005,-67.97395834,R0
col,9012797,3.858907477,-67.95180339,R0
col,9013574,3.55376138,-68.37764366,R0
col,9013575,3.566443435,-68.34329628,R0
col,9013817,3.477596635,-68.32101348,R0
col,9013462,3.595746735,-68.31699048,R0
col,9013367,3.689138256,-68.29867193,R0
col,9013482,3.603135215,-68.26279593,R0
col,9013775,3.487220792,-68.25648871,R0
col,9013602,3.580015237,-68.51419507,R0
col,9013606,3.542896425,-68.4719929,R0
col,9013607,3.546072506,-68.41588952,R0
col,9013849,3.491996566,-68.48859,R0
col,9013889,3.434523396,-68.51187023,R0
col,9014428,3.244054161,-68.60477958,R0
col,9014518,3.189906832,-68.6987186,R0
col,9014966,3.032345918,-68.65661404,R0
col,9014915,3.071740449,-68.56584872,R0
col,9014786,3.118270401,-68.60889634,R0
col,9015083,3.011013427,-68.78672011,R0
col,9014533,3.192830532,-68.7631358,R0
col,9013567,3.560930985,-67.83764552,R0
col,9014827,3.114354629,-68.21360216,R0
col,9014557,3.187787463,-68.20011225,R0
col,9014577,3.181010393,-68.23157636,R0
col,9014582,3.156666671,-68.25166668,R0
col,9014583,3.156538315,-68.26225703,R0
col,9013808,3.540085658,-68.05344627,R0
col,9013087,3.750368103,-67.9595523,R0
col,9013349,3.661296833,-67.95066539,R0
col,9013483,3.616357459,-67.94279625,R0
col,9013839,3.48367877,-67.91333655,R0
col,9013566,3.605375298,-67.88265029,R0
col,9013217,3.701478676,-67.8730748,R0
col,9013549,3.568004065,-67.94857508,R0
col,9012751,3.89521391,-67.92269075,R0
col,9014176,3.389480776,-68.1860082,R0
col,9014272,3.285918268,-68.11728332,R0
col,9014415,3.253186588,-68.05329901,R0
col,9014269,3.300061655,-67.98650122,R0
col,9014143,3.394368251,-67.98180398,R0
col,9014315,3.322539511,-67.9256982,R0
col,9014322,3.274203276,-68.19870302,R0
col,9014437,3.243097167,-68.19658648,R0
col,9014576,3.222811386,-68.36395507,R0
col,9014591,3.166471945,-68.33965393,R0
col,9014863,3.111565189,-68.3090445,R0
col,9015072,3.025530192,-68.3036521,R0
col,9014326,3.273771367,-68.51100225,R0
col,9015060,3.0100428,-69.3283556,R0
col,9015109,2.973603497,-69.29546153,R0
col,9015103,2.985919438,-69.08008002,R0
col,9015052,3.035593198,-68.911774,R0
col,9015149,2.962904653,-68.87815327,R0
col,9015150,2.958707953,-68.79301651,R0
col,9015987,2.716634372,-69.18110376,R0
col,9015639,2.770026,-69.12934124,R0
col,9015635,2.772267517,-69.14108222,R0
col,9015637,2.778366672,-69.1764428,R0
col,9015686,2.784521344,-69.21150395,R0
col,9015524,2.826720376,-69.17248931,R0
col,9015906,2.711347583,-69.28308393,R0
col,9015685,2.762251245,-69.27972872,R0
col,9015623,2.7777376,-69.30995406,R0
col,9015578,2.788861396,-69.2789985,R0
col,9016322,2.568538638,-69.17308244,R0
col,9016250,2.576917956,-69.22589941,R0
col,9016110,2.633687731,-69.21179653,R0
col,9016022,2.649040366,-69.2011575,R0
col,9015443,2.828958338,-68.98354168,R0
col,9015552,2.821019202,-69.00456405,R0
col,9015134,2.96787311,-68.71197468,R0
col,9015160,2.977243942,-68.66006619,R0
col,9015075,3.01253898,-68.55074792,R0
col,9014935,3.068580585,-68.62451611,R0
col,9014916,3.065496187,-68.44526648,R0
col,9015612,2.849105494,-69.06714119,R0
col,9015439,2.845738111,-68.97925584,R0
col,9015338,2.916113517,-68.92907458,R0
col,9015155,2.944583338,-68.85083334,R0
col,9015259,2.917509345,-68.84529489,R0
col,9015355,2.909625933,-68.73066981,R0
col,9016093,2.639327155,-68.98089997,R0
col,9015952,2.724701386,-68.83606544,R0
col,9014909,3.05738405,-68.34741538,R0
col,9009737,5.133349307,-76.59812508,R0
col,9017013,2.305220298,-71.31541927,R0
col,9017153,2.225422504,-71.4341987,R0
col,9017287,2.241578564,-71.23480829,R0
col,9017325,2.171422877,-71.18594681,R0
col,9017038,2.267735985,-71.37392288,R0
col,9017005,2.275833338,-71.37250001,R0
col,9017406,2.182661184,-71.39741051,R0
col,9017438,2.148616832,-71.0592255,R0
col,9017308,2.199188488,-71.02592057,R0
col,9017332,2.200802811,-71.10649788,R0
col,9017194,2.235510246,-70.67255042,R0
col,9017108,2.255084143,-70.44716638,R0
col,9017319,2.17141891,-70.90576824,R0
col,9017293,2.18615856,-70.9100404,R0
col,9017215,2.213429287,-70.97022109,R0
col,9017232,2.200956369,-70.80975,R0
col,9017124,2.249112785,-70.18893445,R0
col,9017112,2.252315043,-70.02549656,R0
col,9017328,2.192551017,-71.44934979,R0
col,9017810,2.028034537,-71.39433331,R0
col,9017823,1.988208839,-71.30832872,R0
col,9017811,2.023320599,-71.31093842,R0
col,9017922,1.942891726,-71.52114765,R0
col,9017869,2.018659436,-71.45837224,R0
col,9017600,2.100522759,-71.53902617,R0
col,9017571,2.124451624,-71.44162954,R0
col,9018003,1.929609181,-71.47491714,R0
col,9018055,1.895958959,-71.52298357,R0
col,9018310,1.852110746,-71.50436874,R0
col,9018173,1.850978448,-71.72946248,R0
col,9018113,1.868439519,-71.77693826,R0
col,9018076,1.896548037,-71.75469432,R0
col,9017956,1.925451789,-71.70994926,R0
col,9017939,1.941566845,-71.740953,R0
col,9018089,1.884644082,-71.84521924,R0
col,9017951,1.922789526,-71.88086114,R0
col,9017619,2.068145781,-71.6586963,R0
col,9017585,2.07940841,-71.65360606,R0
col,9017584,2.0868305,-71.7053651,R0
col,9017577,2.095478298,-71.66153099,R0
col,9017097,2.240000005,-71.68333334,R0
col,9017187,2.220687429,-71.82283125,R0
col,9017111,2.262853595,-71.81471222,R0
col,9016943,2.303731244,-71.79674705,R0
col,9017192,2.217355608,-71.88172827,R0
col,9017085,2.262491987,-72.14448817,R0
col,9017133,2.264155097,-71.98176357,R0
col,9016980,2.293908572,-72.08085363,R0
col,9016913,2.336295386,-72.11605592,R0
col,9017146,2.254216583,-72.07934514,R0
col,9017844,1.971329481,-72.08597301,R0
col,9017845,1.980817611,-72.05255347,R0
col,9017842,2.013133045,-72.1384109,R0
col,9017804,2.022977575,-72.00616756,R0
col,9017441,2.137896677,-72.11219631,R0
col,9017324,2.193206958,-72.10756086,R0
col,9017260,2.19764211,-72.06750405,R0
col,9017110,2.245181589,-72.23295392,R0
col,9017416,2.215437877,-72.31865173,R0
col,9017651,2.080602221,-72.19594645,R0
col,9017925,1.955515186,-72.23605527,R0
col,9017414,2.155870522,-72.2381112,R0
col,9017448,2.129795952,-72.2318469,R0
col,9017508,2.106527875,-72.21323232,R0
col,9017500,2.112256095,-72.29568463,R0
col,9017469,2.144217605,-72.16094073,R0
col,9017708,2.044709433,-72.22386896,R0
col,9017084,2.257854087,-72.21160167,R0
col,9017570,2.091285997,-72.36706533,R0
col,9017499,2.118358827,-72.38431445,R0
col,9017283,2.204804757,-72.60985698,R0
col,9017117,2.277850064,-72.60504967,R0
col,9016931,2.31974531,-72.69248434,R0
col,9016816,2.34141436,-72.65284442,R0
col,9016817,2.343202114,-72.62750079,R0
col,9016799,2.355990417,-72.69874916,R0
col,9017409,2.161628546,-72.46094072,R0
col,9017286,2.183524879,-72.52704064,R0
col,9017252,2.218092955,-72.54056318,R0
col,9017396,2.26654978,-72.43783295,R0
col,9018227,1.869276837,-71.2693789,R0
col,9017968,1.929972608,-71.13569387,R0
col,9017964,1.971016116,-71.07717045,R0
col,9018651,1.68784349,-71.28362846,R0
col,9018550,1.715363539,-71.31004432,R0
col,9018517,1.725172036,-71.3054558,R0
col,9018516,1.730386297,-71.313461,R0
col,9018312,1.837829307,-70.99061555,R0
col,9017996,1.915229225,-71.07968058,R0
col,9017998,1.915146497,-70.74209041,R0
col,9017988,1.915505706,-70.83739588,R0
col,9017970,1.94289141,-70.8164857,R0
col,9017946,1.963891343,-70.86409009,R0
col,9017999,1.978074213,-70.6871308,R0
col,9017796,2.058482358,-70.43246804,R0
col,9017797,2.034049885,-70.34850029,R0
col,9017748,2.027002219,-70.29906368,R0
col,9018006,1.92553099,-70.60684354,R0
col,9017873,1.959270747,-70.53167546,R0
col,9018007,1.911524281,-70.89573708,R0
col,9017997,1.913653923,-70.98568019,R0
col,9017969,1.9178747,-70.90744519,R0
col,9017960,1.947505214,-70.92849266,R0
col,9017616,2.073213277,-70.17045332,R0
col,9017612,2.072983856,-70.14412302,R0
col,9017709,2.040981909,-70.23994163,R0
col,9017370,2.19241153,-70.02291123,R0
col,9017575,2.12250349,-70.09266312,R0
col,9017736,2.079328737,-72.75371663,R0
col,9017405,2.146233446,-72.78237374,R0
col,9017358,2.165415628,-72.80303693,R0
col,9017311,2.188371824,-72.79172734,R0
col,9017051,2.27391523,-68.8017985,R0
col,9016971,2.287949773,-68.8000673,R0
col,9016803,2.373275051,-68.86277295,R0
col,9016622,2.414892241,-68.83724202,R0
col,9016629,2.418322286,-68.79977733,R0
col,9016855,2.337696095,-69.03001532,R0
col,9016677,2.40459095,-68.93040358,R0
col,9017680,2.086104545,-68.80529336,R0
col,9017622,2.077504525,-68.71626121,R0
col,9017537,2.106760201,-68.69887386,R0
col,9017661,2.05928967,-68.61844757,R0
col,9017617,2.064935141,-68.52748676,R0
col,9017798,2.008160185,-68.91337637,R0
col,9017738,2.018046062,-68.924159,R0
col,9017731,2.028264471,-68.90324777,R0
col,9017675,2.044406804,-68.94357835,R0
col,9017711,2.115955589,-68.24730338,R0
col,9017360,2.177716251,-68.29794378,R0
col,9017606,2.091744445,-68.40004321,R0
col,9016890,2.316666672,-69.49375001,R0
col,9017223,2.196988371,-69.22991731,R0
col,9017224,2.232994922,-69.1943811,R0
col,9017033,2.266582377,-69.16104677,R0
col,9017009,2.311507747,-69.14298852,R0
col,9016777,2.360697905,-69.20535102,R0
col,9017662,2.097100604,-69.4208952,R0
col,9016883,2.331599474,-69.28288884,R0
col,9017032,2.286701772,-69.33514571,R0
col,9017392,2.152432937,-69.35347717,R0
col,9017395,2.160805987,-69.28170539,R0
col,9018084,1.914172919,-69.36469606,R0
col,9018104,1.880427158,-69.23468125,R0
col,9017973,1.942388503,-69.15877512,R0
col,9017859,1.972258339,-69.19873238,R0
col,9017852,2.046260286,-69.23378369,R0
col,9018356,1.792515788,-68.93144009,R0
col,9018357,1.798031144,-68.90190154,R0
col,9018311,1.801945195,-68.9726014,R0
col,9018272,1.834770674,-68.97836684,R0
col,9018154,1.859105348,-69.08479748,R0
col,9018105,1.867328313,-69.03563391,R0
col,9018080,1.896556293,-69.10126857,R0
col,9018125,1.879277045,-69.39913612,R0
col,9018482,1.752718438,-68.78078701,R0
col,9018425,1.765980376,-68.83883096,R0
col,9018316,1.83694006,-68.77162459,R0
col,9017895,1.970353248,-68.70228984,R0
col,9017965,1.929497497,-68.65629756,R0
col,9018341,1.825389234,-68.64131881,R0
col,9018366,1.785216957,-68.75356688,R0
col,9018060,1.94916605,-68.5896854,R0
col,9018061,1.891561394,-68.53323114,R0
col,9018174,1.865878075,-68.49414948,R0
col,9018101,2.053703491,-69.05457284,R0
col,9018474,1.766902408,-68.20344296,R0
col,9018515,1.740904522,-68.46251994,R0
col,9018028,1.922004871,-68.43246392,R0
col,9017900,1.956799094,-68.34382962,R0
col,9018122,1.896517651,-68.31990146,R0
col,9018507,1.758463311,-68.30231721,R0
col,9018123,1.877955293,-68.25855024,R0
col,9018351,1.82349405,-68.25706816,R0
col,9018079,1.88723836,-70.1762938,R0
col,9018568,1.713311848,-69.8467392,R0
col,9018451,1.748737616,-69.96355211,R0
col,9018433,1.816697069,-69.93062927,R0
col,9018396,1.770218929,-70.03236745,R0
col,9018397,1.819488968,-70.01179887,R0
col,9018473,1.782989522,-69.72745635,R0
col,9018114,1.879095865,-69.70519403,R0
col,9018111,1.879784248,-69.61443318,R0
col,9018506,1.744073763,-69.60870306,R0
col,9018352,1.820979011,-69.56888902,R0
col,9018464,1.751190264,-69.46070508,R0
col,9018465,1.735625005,-69.38479168,R0
col,9018342,1.815059598,-70.09248722,R0
col,9017564,2.119408738,-67.12017147,R0
col,9017530,2.137976112,-67.21117506,R0
col,9018466,1.75680778,-67.02073676,R0
col,9018347,1.78372473,-67.0354777,R0
col,9018323,1.791771391,-67.03816682,R0
col,9018324,1.835375931,-67.04215209,R0
col,9018551,1.725297479,-67.03203699,R0
col,9018546,1.722481171,-67.00445622,R0
col,9018647,1.690110849,-66.99323833,R0
col,9018700,1.66361191,-67.02728044,R0
col,9018093,1.870703985,-67.0871389,R0
col,9018067,1.922251337,-67.07500111,R0
col,9017877,1.956766233,-67.12074824,R0
col,9017790,2.041861958,-67.10490711,R0
col,9016667,2.439740548,-67.36124515,R0
col,9017848,2.031155721,-67.26472571,R0
col,9017552,2.088704464,-67.26677581,R0
col,9016818,2.39213306,-67.29247753,R0
col,9016800,2.388621145,-67.22049082,R0
col,9017118,2.237747623,-67.21356887,R0
col,9017137,2.238005058,-67.27105706,R0
col,9017423,2.182523076,-67.63382791,R0
col,9017265,2.191052986,-67.59611776,R0
col,9017209,2.213473931,-67.60522944,R0
col,9017210,2.222854044,-67.53478611,R0
col,9016761,2.405133772,-67.59461922,R0
col,9016563,2.450713034,-67.57663566,R0
col,9016867,2.384360235,-67.67093905,R0
col,9008652,5.580372049,-76.33563444,R0
col,9008529,5.628155584,-76.36536589,R0
col,9008749,5.638437593,-76.43966736,R0
col,9008773,5.54089272,-76.47347006,R0
col,9008845,5.500788653,-76.46156555,R0
col,9008698,5.544004828,-76.44747808,R0
col,9008663,5.582868334,-76.43549078,R0
col,9008810,5.516708418,-76.53324065,R0
col,9008779,5.516263986,-76.50541064,R0
col,9018639,1.728933452,-71.18906113,R0
col,9018674,1.717591776,-71.1292231,R0
col,9018595,1.741937013,-71.06800746,R0
col,9018355,1.783428531,-71.10846288,R0
col,9018652,1.671995153,-71.25155866,R0
col,9018946,1.610420959,-71.25431971,R0
col,9018240,1.843831186,-70.87496236,R0
col,9018481,1.778855891,-70.9118111,R0
col,9018315,1.811689337,-70.92459109,R0
col,9017839,1.988257399,-70.39034334,R0
col,9017805,1.998329777,-70.32768451,R0
col,9017806,2.005905846,-70.29985745,R0
col,9017992,1.929442792,-70.54062346,R0
col,9017890,1.950401377,-70.51541034,R0
col,9017874,1.964001505,-70.47589417,R0
col,9018027,1.933293847,-70.44408183,R0
col,9018078,1.890943989,-70.5337775,R0
col,9018198,1.853321177,-70.89690237,R0
col,9018077,1.892981513,-70.88178345,R0
col,9017961,1.923268204,-70.88075894,R0
col,9017710,2.039116083,-70.17414818,R0
col,9017749,2.022029277,-70.24007872,R0
col,9018250,1.816372614,-70.66026729,R0
col,9018225,1.821628847,-70.68199996,R0
col,9018293,1.823695434,-70.57377933,R0
col,9018220,1.836482698,-70.62304259,R0
col,9018129,1.881118755,-70.56724416,R0
col,9018671,1.683151802,-69.91986864,R0
col,9018508,1.736871377,-69.89505985,R0
col,9018345,1.781516417,-70.06847944,R0
col,9018166,1.844097545,-70.13755804,R0
col,9018156,1.861621261,-70.15101719,R0
col,9018110,1.867181359,-70.22520694,R0
col,9018714,1.695000169,-70.16330903,R0
col,9018893,1.590898819,-70.87499386,R0
col,9019006,1.561655792,-70.9691406,R0
col,9018894,1.602108495,-70.75026702,R0
col,9018720,1.667389354,-70.6878617,R0
col,9019473,1.399962245,-70.8180089,R0
col,9019723,1.300138758,-71.00602341,R0
col,9019614,1.331115751,-71.00512455,R0
col,9003510,8.3295533,-73.06928326,R0
col,9003535,8.279623652,-73.04510535,R0
col,9003607,8.303490139,-73.13803326,R0
col,9003694,8.236694761,-72.623282,R0
col,9003783,8.167860039,-72.77379141,R0
col,9003609,8.228959978,-72.78691321,R0
col,9003527,8.339996969,-72.8347629,R0
col,9003434,8.351706217,-72.75373762,R0
col,9003391,8.396976588,-72.75854749,R0
col,9003400,8.402221474,-72.82505273,R0
col,9003933,8.056888793,-72.80241956,R0
col,9003816,8.09575391,-72.81696166,R0
col,9003815,8.098683253,-72.86164907,R0
col,9010296,4.888125397,-75.9745497,R0
col,9010239,4.890540301,-75.89511627,R0
col,9009133,5.427098095,-72.43050365,R0
col,9009056,5.401782157,-72.31366677,R0
col,9009057,5.398205767,-72.24715242,R0
col,9009028,5.409832556,-72.23263902,R0
col,9009129,5.380146259,-72.20512454,R0
col,9009703,5.158323783,-72.17346776,R0
col,9009222,5.318420696,-72.17009917,R0
col,9009581,5.187564864,-72.13534666,R0
col,9009572,5.2212946,-72.1292437,R0
col,9009937,5.055463062,-72.12099597,R0
col,9009949,5.032869581,-72.13485642,R0
col,9009577,5.170765269,-72.05177286,R0
col,9009185,5.345600826,-72.15671885,R0
col,9009130,5.454924074,-72.2055659,R0
col,9009240,5.310157826,-72.50468402,R0
col,9009367,5.278798455,-70.70255475,R0
col,9009121,5.388374629,-70.65452529,R0
col,9008991,5.439332756,-70.63200788,R0
col,9009518,5.213898233,-70.8400994,R0
col,9009405,5.241460628,-71.00197432,R0
col,9009406,5.26538754,-71.00719252,R0
col,9009543,5.207932145,-70.96332013,R0
col,9009550,5.205124427,-71.0930954,R0
col,9009281,5.369869192,-71.18162577,R0
col,9009366,5.277759374,-71.2253118,R0
col,9008780,5.536085419,-71.56544413,R0
col,9009384,5.379570215,-71.61058263,R0
col,9009230,5.332478686,-70.68419757,R0
col,9009594,5.176143124,-70.8319979,R0
col,9017594,2.084268393,-78.06587618,R0
col,9017490,2.104221431,-78.13667974,R0
col,9017587,2.093550832,-77.9675013,R0
col,9017741,2.045502491,-78.12126579,R0
col,9018138,1.892945862,-77.85270573,R0
col,9018395,1.790772841,-78.12484126,R0
col,9018169,1.865392834,-78.09736971,R0
col,9018130,1.875231925,-78.17172898,R0
col,9018231,1.836879797,-78.23236644,R0
col,9018578,1.763101966,-78.2506287,R0
col,9017878,1.983058752,-77.22940004,R0
col,9018092,1.891153515,-77.40940107,R0
col,9017935,1.938896054,-72.88090188,R0
col,9017841,1.988256621,-73.02275993,R0
col,9017865,1.994722897,-72.89603717,R0
col,9017728,2.020741901,-72.96866584,R0
col,9017937,1.940937951,-72.82262222,R0
col,9017938,1.928399923,-72.80882446,R0
col,9019027,1.605337314,-72.58767007,R0
col,9019026,1.666014099,-72.68215739,R0
col,9019302,1.465878412,-72.4892815,R0
col,9019022,1.535853103,-72.41426199,R0
col,9019023,1.543448209,-72.41206989,R0
col,9019087,1.524177079,-72.37479968,R0
col,9018292,1.817209596,-72.76265486,R0
col,9018262,1.868142362,-72.76270313,R0
col,9017404,2.150107758,-72.79265654,R0
col,9017366,2.156458339,-72.80319162,R0
col,9017299,2.183600423,-72.83163086,R0
col,9017737,2.040161067,-72.70960491,R0
col,9017886,1.968438555,-72.61959421,R0
col,9017885,1.974708144,-72.68675794,R0
col,9018141,1.892222241,-72.53854745,R0
col,9018135,1.951321585,-72.4702313,R0
col,9018526,1.769902009,-72.43603928,R0
col,9018527,1.770677642,-72.3878144,R0
col,9020129,1.16203075,-72.73104233,R0
col,9019994,1.198008661,-72.81029775,R0
col,9019895,1.239452852,-72.82252717,R0
col,9020142,1.159734224,-72.77567918,R0
col,9020062,1.172730473,-72.96159547,R0
col,9020086,1.180270962,-73.0449804,R0
col,9019899,1.255900497,-72.87368615,R0
col,9020061,1.262135586,-72.98988796,R0
col,9020083,1.270523619,-73.0420695,R0
col,9019890,1.25979179,-73.24905819,R0
col,9020076,1.184471434,-73.22102343,R0
col,9019891,1.250212678,-73.21254919,R0
col,9020077,1.160264132,-73.20762128,R0
col,9020464,1.071806102,-73.29550751,R0
col,9020465,1.08984122,-73.22466669,R0
col,9020568,1.006142369,-73.21301489,R0
col,9020569,1.005992156,-73.17546601,R0
col,9020491,1.050201763,-72.86430496,R0
col,9020328,1.082861698,-72.92227636,R0
col,9020219,1.121102084,-72.99954325,R0
col,9020203,1.135242834,-72.9673024,R0
col,9020759,0.994199825,-73.1060596,R0
col,9019705,1.304627181,-73.39759482,R0
col,9020178,1.179984712,-73.39618483,R0
col,9019634,1.360604416,-73.36263185,R0
col,9019639,1.348684854,-73.33261,R0
col,9020179,1.163774404,-73.33150789,R0
col,9019416,1.397268036,-73.5276672,R0
col,9019417,1.439727996,-73.51806962,R0
col,9019135,1.510042911,-73.50779593,R0
col,9019479,1.376856028,-73.49955233,R0
col,9019480,1.415504332,-73.47654534,R0
col,9020815,0.908228207,-73.07387829,R0
col,9020796,0.931348641,-72.99767997,R0
col,9020653,0.963069259,-72.97215635,R0
col,9019134,1.523499723,-73.52956573,R0
col,9019193,1.465098106,-73.56306722,R0
col,9019821,1.257844426,-72.74765466,R0
col,9019968,1.219041276,-72.73173363,R0
col,9019822,1.295428848,-72.73843076,R0
col,9019547,1.364232762,-72.74531821,R0
col,9019459,1.403509815,-72.76624062,R0
col,9019460,1.403814745,-72.73515,R0
col,9019294,1.441015372,-72.78438795,R0
col,9019295,1.456774647,-72.76462465,R0
col,9019216,1.525690967,-72.78706156,R0
col,9019548,1.351129677,-72.73748872,R0
col,9018261,1.809972482,-73.2482227,R0
col,9018402,1.823685087,-73.42744738,R0
col,9018297,1.82633978,-73.28570121,R0
col,9018082,1.884457303,-73.31221793,R0
col,9018083,1.889717626,-73.29474118,R0
col,9018012,1.933864422,-73.29660242,R0
col,9018011,1.950025766,-73.36344844,R0
col,9018538,1.784570866,-73.02320017,R0
col,9018539,1.752887573,-72.96137997,R0
col,9018735,1.682157009,-72.92984143,R0
col,9018739,1.648701151,-72.88545598,R0
col,9018833,1.613242072,-73.02669674,R0
col,9018940,1.592143953,-72.93739344,R0
col,9018941,1.603052496,-72.89438732,R0
col,9019162,1.538203512,-73.01242576,R0
col,9019217,1.498758728,-72.86857505,R0
col,9018679,1.66999589,-73.32965598,R0
col,9018599,1.693503559,-73.37405035,R0
col,9018598,1.700009589,-73.40808854,R0
col,9018589,1.702128805,-73.46740904,R0
col,9018520,1.740717225,-73.44665535,R0
col,9018401,1.77527062,-73.47924645,R0
col,9018922,1.607388978,-73.32693592,R0
col,9018680,1.666020945,-73.26472292,R0
col,9018668,1.736244138,-73.24115134,R0
col,9018697,1.659568251,-73.23423295,R0
col,9018734,1.648934423,-73.23095937,R0
col,9018793,1.643022515,-73.18837933,R0
col,9018794,1.710935841,-73.15713718,R0
col,9018843,1.605760436,-73.11722121,R0
col,9019255,1.458625532,-73.10852565,R0
col,9019161,1.482576723,-73.10101659,R0
col,9018807,1.617085773,-73.08138745,R0
col,9018157,1.885515119,-73.63755812,R0
col,9018182,1.84129272,-73.58509605,R0
col,9018183,1.92198666,-73.57127299,R0
col,9018602,1.698776748,-73.59993893,R0
col,9018588,1.765743805,-73.54488225,R0
col,9017753,2.060828331,-78.45879121,R0
col,9017547,2.096650057,-78.44107596,R0
col,9017480,2.159234918,-78.42658824,R0
col,9018036,1.943708113,-78.40832201,R0
col,9017817,1.997118188,-78.37072328,R0
col,9017828,2.000411973,-78.46669068,R0
col,9017814,2.005232907,-78.43222302,R0
col,9018202,1.852458499,-78.29473666,R0
col,9018128,1.869697569,-78.34946462,R0
col,9018115,1.876241452,-78.40525573,R0
col,9018074,1.876542353,-78.30080462,R0
col,9018204,1.832022995,-78.2753498,R0
col,9018418,1.792670243,-78.3178312,R0
col,9018705,1.689613598,-78.3038615,R0
col,9019046,1.606787339,-78.29510937,R0
col,9017267,2.198929421,-78.67368156,R0
col,9017609,2.078301131,-78.6401548,R0
col,9017182,2.276833229,-73.88852225,R0
col,9016863,2.364920089,-73.98167545,R0
col,9016864,2.392208327,-73.9270045,R0
col,9016340,2.534780065,-74.11023011,R0
col,9016335,2.546325308,-74.01477856,R0
col,9016529,2.449466563,-74.01112325,R0
col,9016522,2.485686459,-73.928597,R0
col,9016658,2.492035349,-73.47926897,R0
col,9017031,2.276111299,-73.67189382,R0
col,9016706,2.382194365,-73.63874396,R0
col,9016827,2.36922674,-73.55988898,R0
col,9017764,2.038019005,-73.84206835,R0
col,9017631,2.058359905,-73.82310285,R0
col,9017690,2.061345588,-73.88138242,R0
col,9017615,2.078356269,-73.81009807,R0
col,9017529,2.131060732,-73.7922832,R0
col,9017222,2.210928548,-73.77266049,R0
col,9017327,2.180240173,-73.76935725,R0
col,9017143,2.231816318,-73.76264169,R0
col,9017145,2.248928188,-73.72109076,R0
col,9017261,2.205217674,-73.81095262,R0
col,9016717,2.423996141,-73.72249922,R0
col,9016651,2.429567105,-73.6778147,R0
col,9016456,2.477906362,-73.69081558,R0
col,9016455,2.50849262,-73.70060785,R0
col,9016296,2.556901268,-73.72724192,R0
col,9016297,2.585398967,-73.68154869,R0
col,9017001,2.336331036,-73.72871264,R0
col,9017315,2.177266702,-73.66306473,R0
col,9017456,2.139500844,-73.76574839,R0
col,9018161,1.872762951,-73.68456552,R0
col,9018553,1.742378417,-74.00529566,R0
col,9018236,1.850960801,-73.97169989,R0
col,9018423,1.762967557,-73.94953265,R0
col,9018237,1.834715913,-73.94289206,R0
col,9018603,1.725366937,-73.95560931,R0
col,9018457,1.772575144,-73.90546264,R0
col,9018525,1.733163727,-73.90083564,R0
col,9018456,1.774613298,-73.87453949,R0
col,9018458,1.739535872,-73.85723627,R0
col,9018541,1.733106514,-73.79717236,R0
col,9018656,1.696589577,-73.77866113,R0
col,9018542,1.713784539,-73.72007918,R0
col,9018531,1.730919401,-73.71249806,R0
col,9018410,1.779027546,-74.06225731,R0
col,9018171,1.850511224,-74.30805805,R0
col,9018170,1.851336821,-74.36470898,R0
col,9018098,1.916253392,-74.50148886,R0
col,9018081,1.943825837,-74.42167511,R0
col,9018248,1.818535094,-74.1894417,R0
col,9018219,1.829144174,-74.26129642,R0
col,9018249,1.854156273,-74.15762977,R0
col,9018197,1.889548405,-74.23387637,R0
col,9017742,2.04265764,-74.54768909,R0
col,9017743,2.022821295,-74.52342041,R0
col,9017656,2.076165314,-74.13915498,R0
col,9017525,2.118505134,-74.27624766,R0
col,9017322,2.166250005,-74.26791667,R0
col,9017323,2.173782715,-74.16375063,R0
col,9017007,2.28084076,-74.19896135,R0
col,9016964,2.291698023,-74.1600642,R0
col,9016965,2.295280899,-74.14471483,R0
col,9017383,2.159112818,-74.33700001,R0
col,9017318,2.199907722,-74.31055293,R0
col,9017291,2.209140277,-74.48190371,R0
col,9017141,2.235650584,-74.40909318,R0
col,9017073,2.259033509,-74.48791503,R0
col,9017142,2.262349072,-74.34934163,R0
col,9017555,2.090161667,-74.09299101,R0
col,9017522,2.097549203,-74.0860978,R0
col,9017494,2.104408146,-74.09712343,R0
col,9017498,2.134521635,-74.05902776,R0
col,9017292,2.184219508,-74.05346157,R0
col,9017251,2.248980932,-74.08507017,R0
col,9017246,2.196839057,-73.86184857,R0
col,9017241,2.204329823,-73.91661666,R0
col,9017197,2.212377829,-73.96694643,R0
col,9017264,2.19099392,-73.99854068,R0
col,9017483,2.136440687,-73.92052187,R0
col,9016939,2.361592786,-74.24553003,R0
col,9016577,2.428304841,-74.35060453,R0
col,9016617,2.411055305,-74.35400332,R0
col,9016802,2.341515417,-74.65200919,R2
col,9016796,2.428594667,-74.63177386,R0
col,9016897,2.328231826,-74.6196327,R0
col,9016973,2.29383674,-74.58748601,R0
col,9017012,2.276828292,-74.58227951,R0
col,9016898,2.339169127,-74.57339361,R0
col,9017030,2.276512766,-74.53275385,R0
col,9017059,2.258359268,-74.51821658,R0
col,9016732,2.454633486,-78.34446535,R0
col,9016672,2.405625926,-78.55394436,R0
col,9016697,2.46493282,-78.43021596,R0
col,9016267,2.577528802,-78.40326707,R0
col,9017807,2.069452304,-78.30470882,R0
col,9017474,2.152094611,-78.33333699,R0
col,9017239,2.197885608,-78.37726395,R0
col,9016995,2.32480278,-78.34896214,R0
col,9017175,2.296034273,-78.27320263,R0
col,9016933,2.468878985,-78.24428322,R0
col,9017028,2.271859934,-78.3504731,R0
col,9017185,2.243023705,-78.36943636,R0
col,9017603,2.116417725,-77.67577219,R0
col,9017562,2.090561156,-77.7931314,R0
col,9017665,2.06502495,-77.76794903,R0
col,9016163,2.597395886,-77.94080611,R100
col,9017548,2.354150326,-77.93855017,R0
col,9016315,2.591854796,-78.20922582,R0
col,9016150,2.592293604,-75.47149448,R0
col,9017808,2.011405582,-77.57068943,R0
col,9017803,2.014949417,-77.5166262,R0
col,9017707,2.044919075,-77.58388455,R0
col,9017604,2.094337885,-77.52356724,R0
col,9017455,2.123967153,-77.45000982,R0
col,9017426,2.157350901,-77.45899984,R5
col,9017348,2.1683168,-77.43061699,R10
col,9017285,2.202902371,-77.44452336,R2
col,9017833,2.030213869,-77.81886663,R0
col,9017590,2.073958339,-78.00041667,R0
col,9017524,2.098185744,-78.13023294,R0
col,9017491,2.182722628,-78.11790716,R0
col,9016370,2.572575896,-78.10013864,R0
col,9016554,2.473793168,-78.06873315,R0
col,9016791,2.425930361,-78.11138581,R0
col,9016829,2.335338705,-78.0850615,R0
col,9017058,2.295645965,-78.12679765,R0
col,9017099,2.256571131,-78.06199841,R0
col,9016400,2.507934611,-77.62799811,R0
col,9016406,2.495306831,-77.56908798,R0
col,9016407,2.497858139,-77.55171167,R0
col,9016637,2.439553634,-77.63436598,R0
col,9016938,2.352791965,-77.62100201,R0
col,9017081,2.256084393,-77.64763231,R0
col,9016698,2.427514677,-77.80103412,R0
col,9016632,2.438419653,-77.74797623,R0
col,9016454,2.482181318,-77.76992637,R0
col,9016421,2.497040412,-77.7208302,R0
col,9016417,2.561340483,-77.77877607,R0
col,9016423,2.564864912,-77.86307201,R0
col,9016220,2.609502395,-77.72713147,R0
col,9015891,2.69982992,-77.76392084,R0
col,9017090,2.26504787,-77.75904476,R0
col,9017017,2.273853959,-77.77516686,R0
col,9017016,2.276341521,-77.78830721,R0
col,9016984,2.287451917,-77.7700225,R0
col,9016934,2.316982194,-77.76205871,R0
col,9016903,2.329631004,-77.73203991,R0
col,9016792,2.369853502,-77.7639934,R0
col,9017198,2.218587418,-77.70595622,R0
col,9017049,2.272610487,-70.52437248,R0
col,9016986,2.294392427,-70.49236451,R0
col,9017050,2.265500921,-70.36696177,R0
col,9015622,2.788602514,-69.3575422,R0
col,9015516,2.808109937,-69.36957281,R0
col,9016100,2.658498272,-69.42804281,R0
col,9016045,2.673190945,-69.50823546,R0
col,9015847,2.711111116,-69.45850406,R0
col,9015844,2.733925071,-69.39861075,R0
col,9015799,2.758053086,-69.49577653,R0
col,9016517,2.523498878,-69.65808608,R0
col,9016383,2.536585953,-69.60386181,R0
col,9016217,2.578685997,-69.59601913,R0
col,9016178,2.598113604,-69.6367355,R0
col,9016159,2.605270968,-69.5675044,R0
col,9016042,2.683908979,-69.62325696,R0
col,9016783,2.358076491,-69.76176234,R0
col,9016711,2.401126587,-69.75712548,R0
col,9016712,2.410759874,-69.72146614,R0
col,9016608,2.416781787,-69.77215402,R0
col,9016586,2.433651765,-69.6841875,R0
col,9016515,2.450416671,-69.68916668,R0
col,9016516,2.474961027,-69.74938573,R0
col,9016349,2.554756568,-69.76866462,R0
col,9016499,2.489722232,-69.32424215,R0
col,9016249,2.564293253,-69.29206086,R0
col,9017233,2.210814013,-69.97087593,R0
col,9017140,2.260883675,-69.93361376,R0
col,9017064,2.278680425,-69.90361592,R0
col,9016894,2.313750005,-69.92125001,R0
col,9016876,2.318721205,-69.92507874,R0
col,9016877,2.339423138,-69.89806552,R0
col,9017076,2.24903795,-69.86019184,R0
col,9017078,2.247745781,-69.87907628,R0
col,9017139,2.229109736,-69.99419607,R0
col,9017180,2.239568275,-70.30563947,R0
col,9017036,2.276298702,-70.07970459,R0
col,9017042,2.278849992,-70.26988213,R0
col,9017008,2.311092249,-70.01452154,R0
col,9016998,2.348216846,-70.22389444,R0
col,9016736,2.365430175,-69.91114252,R0
col,9016748,2.371653645,-69.86155337,R0
col,9016846,2.363246572,-69.80525257,R0
col,9016684,2.378350767,-69.83912246,R0
col,9016325,2.568075381,-69.91310882,R0
col,9016359,2.522292058,-69.859569,R0
col,9016360,2.516325361,-69.83195197,R0
col,9016371,2.515820737,-69.81475568,R0
col,9016377,2.515318351,-69.93851889,R0
col,9016382,2.517134861,-70.01385634,R0
col,9016330,2.565933707,-70.18235334,R0
col,9016348,2.529187688,-70.07613476,R0
col,9016413,2.51043198,-70.14054525,R0
col,9016566,2.437518607,-70.36401928,R0
col,9016507,2.456318166,-70.41309093,R0
col,9016496,2.467529556,-70.41821817,R0
col,9016567,2.441477818,-70.31396929,R0
col,9015497,2.865043899,-69.43296547,R0
col,9017786,2.048894808,-70.11984105,R0
col,9017481,2.127331752,-70.04487811,R0
col,9017106,2.271320276,-69.49918627,R0
col,9016908,2.308004809,-69.49619854,R0
col,9016865,2.334166605,-69.45938111,R0
col,9016873,2.343288325,-69.53077615,R0
col,9016767,2.351854066,-69.43181219,R0
col,9017201,2.20935284,-69.56271148,R0
col,9017172,2.212645687,-69.60475152,R0
col,9017163,2.221849048,-69.59628141,R0
col,9017171,2.223514438,-69.64246074,R0
col,9017157,2.225814227,-69.51271103,R0
col,9017202,2.218799136,-69.52524168,R0
col,9017359,2.179927249,-69.66437985,R0
col,9017397,2.171848806,-69.54777962,R0
col,9017846,2.020079522,-69.75310276,R0
col,9017563,2.104586882,-69.71431148,R0
col,9016891,2.32753484,-69.37906074,R0
col,9016776,2.36260453,-69.2639671,R0
col,9016293,2.568245077,-72.84150217,R0
col,9016129,2.600946117,-72.83813598,R0
col,9016692,2.463121985,-72.85787635,R0
col,9016237,2.564033991,-72.91041743,R0
col,9016530,2.464554044,-72.91149194,R0
col,9016430,2.517073476,-72.93773114,R0
col,9016514,2.471154534,-72.95163289,R0
col,9016170,2.601588909,-72.79734553,R0
col,9016596,2.425554029,-73.0371684,R0
col,9017165,2.331544153,-73.0186519,R0
col,9016605,2.436614469,-73.00196329,R0
col,9016729,2.368382594,-72.84717492,R0
col,9016759,2.363999866,-72.85917839,R0
col,9016723,2.387815278,-73.18316283,R0
col,9017002,2.293526835,-73.14977863,R0
col,9016952,2.351403454,-73.07131245,R0
col,9017446,2.206770746,-73.11586262,R0
col,9017476,2.115485232,-73.10415152,R0
col,9017495,2.10900578,-73.1134685,R0
col,9016854,2.34807671,-73.34754815,R0
col,9016814,2.357094491,-73.26501604,R0
col,9017262,2.236177389,-73.65140141,R0
col,9016974,2.320780285,-73.6324636,R0
col,9017355,2.244284642,-73.53340078,R0
col,9016828,2.355621162,-73.47147565,R0
col,9017461,2.172822204,-73.4719646,R0
col,9017484,2.154960596,-73.24293478,R0
col,9017505,2.156263372,-73.28702855,R0
col,9017365,2.178869311,-73.41675902,R0
col,9017178,2.210643064,-73.28105237,R0
col,9017167,2.216164273,-73.28873417,R0
col,9017164,2.266928892,-73.37239027,R0
col,9017156,2.283300413,-73.30356827,R0
col,9017275,2.183358445,-73.65981736,R0
col,9016520,2.455966317,-71.4838246,R0
col,9016579,2.489138751,-71.42472004,R0
col,9016239,2.579369122,-71.51179054,R0
col,9016238,2.588285256,-71.54713103,R0
col,9016626,2.419127556,-71.41644312,R0
col,9016754,2.385657109,-71.30836662,R0
col,9016580,2.42092773,-71.34049487,R0
col,9016581,2.426542334,-71.3351165,R0
col,9016553,2.453621296,-71.32274791,R0
col,9016552,2.472527484,-71.35559121,R0
col,9016452,2.530389982,-71.3129121,R0
col,9016451,2.533109033,-71.34137359,R0
col,9016797,2.346638018,-71.26605381,R0
col,9016755,2.372735436,-71.25954608,R0
col,9016724,2.375836183,-71.23048798,R0
col,9016940,2.379023117,-71.10266709,R0
col,9016944,2.395821019,-71.15130248,R0
col,9016666,2.396279239,-71.25545067,R0
col,9016932,2.304492759,-71.40565074,R0
col,9017136,2.254367547,-71.40031698,R0
col,9016893,2.3222207,-71.39121524,R0
col,9016990,2.291672823,-71.38859497,R0
col,9016311,2.564336506,-71.77516963,R0
col,9016519,2.487979536,-71.60023533,R0
col,9016312,2.565546067,-71.70633586,R0
col,9017121,2.246557056,-71.02534859,R0
col,9017034,2.277838858,-71.03966869,R0
col,9016961,2.292235354,-71.06576736,R0
col,9016959,2.32179422,-71.05958421,R0
col,9017054,2.298887397,-70.6458282,R0
col,9017082,2.259521727,-70.56968952,R0
col,9017193,2.31883078,-70.80663502,R0
col,9017231,2.258198477,-70.88327267,R0
col,9017216,2.280979742,-70.93507412,R0
col,9017379,2.168916963,-70.87378672,R0
col,9017035,2.357370489,-71.01577632,R0
col,9016341,2.55016853,-70.88181804,R0
col,9015249,2.904016986,-71.180761,R0
col,9015475,2.846651506,-71.14306284,R0
col,9015438,2.859722869,-71.19705785,R0
col,9015371,2.860207925,-71.29470052,R0
col,9015328,2.899845151,-71.30269274,R0
col,9015547,2.816145579,-71.4031688,R0
col,9015495,2.824575091,-71.43173091,R0
col,9015546,2.83024683,-71.50788437,R0
col,9015411,2.846079265,-71.40044146,R0
col,9015801,2.769359465,-71.14931919,R0
col,9015810,2.771412699,-71.28190286,R0
col,9015667,2.784507989,-71.17879602,R0
col,9015585,2.803875875,-71.21286334,R0
col,9015581,2.825388285,-71.72533503,R0
col,9015324,2.883974685,-71.74287636,R0
col,9015714,2.794559385,-71.59803279,R0
col,9015336,2.871148411,-72.18648162,R0
col,9015782,2.776381658,-71.95790706,R0
col,9015655,2.797891095,-71.8186809,R0
col,9015634,2.799010456,-71.88754087,R0
col,9015433,2.836714712,-71.87078175,R0
col,9015461,2.86110459,-71.81609439,R0
col,9015569,2.797238293,-72.03777802,R0
col,9015506,2.811086145,-72.03895371,R0
col,9015473,2.824178222,-72.03034997,R0
col,9015467,2.83662792,-72.11486635,R0
col,9015380,2.862273726,-72.10870704,R0
col,9015661,2.784514166,-72.02500217,R0
col,9015602,2.788394478,-72.30972894,R0
col,9015753,2.753894218,-72.28116637,R0
col,9015600,2.784259847,-72.26862865,R0
col,9015654,2.779894454,-72.25059706,R0
col,9016205,2.599019641,-72.66963685,R0
col,9016228,2.574066553,-72.59234318,R0
col,9016362,2.580853887,-72.52337059,R0
col,9016168,2.618245404,-72.58037685,R0
col,9016012,2.673890029,-72.45552303,R0
col,9015936,2.692870238,-72.51367738,R0
col,9015724,2.75574287,-70.77860483,R0
col,9015684,2.766923338,-70.65071774,R0
col,9015373,2.85515903,-70.6501679,R0
col,9015929,2.709617954,-70.76568867,R0
col,9015393,2.868497191,-71.07427557,R0
col,9015515,2.828523752,-71.05717898,R0
col,9015657,2.801825301,-70.86899006,R0
col,9015959,2.733273753,-71.00083249,R0
col,9015811,2.721838776,-70.88806716,R0
col,9015839,2.721523281,-70.8341235,R0
col,9015950,2.715740572,-70.93632601,R0
col,9017451,2.174688889,-71.58109882,R0
col,9017155,2.222768514,-71.4791506,R0
col,9017135,2.227384169,-71.52039317,R0
col,9017144,2.228851382,-71.54818966,R0
col,9017123,2.247677037,-71.52716366,R0
col,9017093,2.26147506,-71.6890969,R0
col,9017094,2.262043443,-71.65806465,R0
col,9017101,2.264759154,-71.74636738,R0
col,9016982,2.285091103,-71.68090763,R0
col,9016887,2.3341145,-71.79177717,R0
col,9016744,2.367261013,-71.79242965,R0
col,9016743,2.368484787,-71.80244513,R0
col,9016682,2.389467375,-71.8144784,R0
col,9016681,2.396803297,-71.82468785,R0
col,9016953,2.351386327,-71.88210783,R0
col,9016981,2.321862502,-71.69506228,R0
col,9016922,2.300833047,-72.04252229,R0
col,9016918,2.340213605,-72.03811796,R0
col,9017134,2.37072335,-71.97579441,R0
col,9016718,2.388916604,-72.07170831,R0
col,9016703,2.394163277,-72.04155728,R0
col,9016614,2.428580601,-72.13148754,R0
col,9016592,2.49376177,-72.11826238,R0
col,9016329,2.528750329,-72.01305398,R0
col,9016328,2.551045265,-72.02978952,R0
col,9016591,2.481724669,-72.34906344,R0
col,9016766,2.386154583,-72.2590866,R0
col,9016753,2.371410721,-72.18237695,R0
col,9016501,2.514579961,-72.17613752,R0
col,9016590,2.448820031,-72.37746311,R0
col,9016500,2.504782093,-72.20046565,R0
col,9015551,2.8146191,-77.49492877,R0
col,9015465,2.847942926,-77.60096212,R0
col,9016182,2.630041711,-77.45702225,R0
col,9016118,2.650231662,-77.41126159,R0
col,9015917,2.733591161,-77.47376725,R0
col,9015979,2.738644967,-77.39533362,R0
col,9015431,2.845227605,-77.46717483,R0
col,9015677,2.798492412,-77.64516996,R0
col,9016446,2.493133698,-77.4336468,R0
col,9016380,2.508499142,-77.42253623,R0
col,9016368,2.569959784,-77.52000113,R0
col,9016034,2.639711166,-77.58432943,R0
col,9016028,2.722264731,-77.65910523,R0
col,9019704,1.32572693,-73.4588259,R0
col,9019810,1.256875545,-73.45165119,R0
col,9019795,1.272942086,-73.4256357,R0
col,9020596,1.080533906,-73.40859461,R0
col,9020050,1.173741339,-73.56830959,R0
col,9020049,1.202419155,-73.64332963,R0
col,9019384,1.423409903,-73.58656343,R0
col,9019849,1.265400695,-73.77086542,R0
col,9019845,1.282754284,-73.74759452,R0
col,9019375,1.435635092,-73.55146567,R0
col,9019269,1.440416672,-73.63291667,R0
col,9019268,1.44865432,-73.71056487,R0
col,9019270,1.474486947,-73.6497369,R0
col,9019192,1.480024058,-73.58337156,R0
col,9019250,1.482653653,-73.6835348,R0
col,9016661,2.428109114,-74.93793878,R2
col,9016911,2.314095245,-74.9265004,R0
col,9016862,2.353790591,-74.91219595,R2
col,9016924,2.306356367,-74.89658181,R2
col,9016662,2.500015588,-74.88941889,R0
col,9016912,2.400168243,-74.83715567,R0
col,9016951,2.326405633,-74.82403308,R2
col,9017678,2.101528322,-74.88171046,R0
col,9017466,2.212189777,-74.78439902,R0
col,9016599,2.491621753,-74.75914489,R0
col,9016907,2.35816254,-74.75182371,R0
col,9016600,2.501306799,-74.73048196,R0
col,9017467,2.155918853,-74.71397952,R0
col,9017629,2.091079201,-74.81416959,R0
col,9017630,2.084140144,-74.78322181,R0
col,9017679,2.045485382,-74.81256479,R0
col,9018927,1.623970192,-74.79777662,R0
col,9018615,1.705773381,-74.77206731,R0
col,9018635,1.714020566,-74.73181398,R0
col,9018480,1.785702121,-74.72423075,R0
col,9018479,1.822878286,-74.79010231,R0
col,9018619,1.681250006,-74.77791667,R0
col,9018945,1.5896202,-74.72906065,R0
col,9018004,1.969889117,-74.8174694,R0
col,9018005,1.931845404,-74.73908378,R0
col,9017910,1.948371695,-74.66908171,R0
col,9017976,1.924987166,-74.64806154,R0
col,9015946,2.683882105,-74.91136473,R0
col,9015876,2.699683515,-74.87845571,R0
col,9015885,2.737922149,-74.99726372,R0
col,9015869,2.747725393,-74.86909882,R0
col,9015521,2.816123631,-74.85792677,R0
col,9015522,2.822316727,-74.84067637,R0
col,9016158,2.586781731,-74.71383137,R0
col,9016151,2.591825479,-74.7012629,R0
col,9016149,2.626072574,-74.71717506,R0
col,9016157,2.646274093,-74.79588211,R0
col,9015973,2.697366669,-74.75784644,R0
col,9015974,2.737086785,-74.71157831,R0
col,9021100,0.883031688,-74.00026205,R0
col,9021765,0.583001881,-73.82859111,R0
col,9021500,0.655587349,-73.99174819,R0
col,9021501,0.674320537,-73.97516343,R0
col,9021589,0.63059916,-73.94560692,R0
col,9021580,0.637861136,-73.88855527,R0
col,9020277,1.123667506,-74.33339368,R0
col,9020109,1.193257619,-74.42114766,R0
col,9020073,1.288363692,-74.39947878,R0
col,9019373,1.432318375,-74.48293209,R0
col,9019341,1.438396426,-74.35290533,R0
col,9019284,1.471808798,-74.27050101,R0
col,9019281,1.50671631,-74.20558537,R0
col,9018869,1.608232026,-74.18526717,R0
col,9018868,1.613480448,-74.21735119,R0
col,9018760,1.643953094,-74.25299127,R0
col,9018761,1.65696265,-74.23077605,R0
col,9019622,1.436293425,-74.1595574,R0
col,9019238,1.450682636,-74.52490184,R0
col,9019329,1.46593189,-74.3468778,R0
col,9019374,1.487421321,-74.47508462,R0
col,9019212,1.503620609,-74.54988062,R0
col,9018979,1.560732166,-74.52682956,R0
col,9019077,1.605467079,-74.35904109,R0
col,9019076,1.628023766,-74.40377015,R0
col,9021272,0.76396662,-74.03942969,R0
col,9020851,0.96500232,-74.0688589,R0
col,9020852,0.962652074,-74.02916354,R0
col,9020418,1.064425338,-74.08751613,R0
col,9020419,1.06945173,-74.06496819,R0
col,9020282,1.088908522,-74.10564564,R0
col,9020283,1.127557717,-74.10145685,R0
col,9019748,1.290832361,-74.21837511,R0
col,9019663,1.312439584,-74.20302832,R0
col,9019662,1.313833616,-74.21830408,R0
col,9019750,1.343285559,-74.27824552,R0
col,9019621,1.379775394,-74.23406019,R0
col,9020695,1.027999058,-74.23960438,R0
col,9020580,1.039355679,-74.30126879,R0
col,9020278,1.13877753,-74.29175196,R0
col,9019948,1.19412294,-74.28516412,R0
col,9019961,1.224132409,-74.23938961,R0
col,9018978,1.647484172,-74.55248536,R0
col,9019897,1.221928679,-74.55552422,R0
col,9019898,1.219285293,-74.535669,R0
col,9020785,0.924528818,-74.16661466,R0
col,9020966,0.863173604,-74.07075759,R0
col,9020809,0.92058948,-74.20842033,R0
col,9021284,0.777399026,-74.06781135,R0
col,9021104,0.792156989,-74.02806423,R0
col,9020450,1.0400125,-73.70072184,R0
col,9020449,1.070022864,-73.71806825,R0
col,9019819,1.250137444,-73.93545385,R0
col,9019818,1.258677699,-73.956867,R0
col,9020174,1.141793995,-73.92096938,R0
col,9020114,1.185930271,-73.91314661,R0
col,9020115,1.149999176,-73.86854864,R0
col,9020172,1.132910942,-73.86616847,R0
col,9020342,1.088005293,-73.84377619,R0
col,9020313,1.116597107,-73.81191706,R0
col,9020379,1.063909395,-73.80443433,R0
col,9020380,1.064300298,-73.7864758,R0
col,9020945,0.867613848,-73.78393209,R0
col,9020946,0.90164934,-73.73613129,R0
col,9020610,0.989883678,-73.78513104,R0
col,9020606,0.995499517,-73.7629574,R0
col,9020513,1.022107111,-73.74633952,R0
col,9020512,1.032350474,-73.7799564,R0
col,9021446,0.749382692,-73.84910235,R0
col,9021447,0.758563748,-73.78939362,R0
col,9021632,0.633858329,-73.78783041,R0
col,9019757,1.431658515,-73.95169149,R0
col,9019781,1.332936803,-74.02248227,R0
col,9019343,1.41541305,-74.06759505,R0
col,9019344,1.472551813,-74.03585953,R0
col,9020802,0.936535788,-73.52242513,R0
col,9020801,0.984928594,-73.55824782,R0
col,9021628,0.6149412,-73.73934109,R0
col,9021593,0.634864822,-73.71662922,R0
col,9021490,0.69060098,-73.72750333,R0
col,9021850,0.691101082,-73.60274398,R0
col,9021491,0.733748105,-73.67732867,R0
col,9015842,2.740180679,-72.8016343,R0
col,9015577,2.81451917,-72.78307554,R0
col,9015843,2.717007654,-72.77541753,R0
col,9016064,2.664590515,-72.76893162,R0
col,9016171,2.604446572,-72.76815497,R0
col,9016225,2.578513876,-72.87309949,R0
col,9016083,2.626798224,-72.72992697,R0
col,9016008,2.661340132,-72.56242628,R0
col,9015940,2.683429081,-72.59749438,R0
col,9015828,2.722370142,-72.46629501,R0
col,9015222,2.945423553,-73.21758423,R0
col,9015089,3.007069298,-73.24490407,R0
col,9015596,2.798654705,-72.88902498,R0
col,9015576,2.798676466,-72.8337819,R0
col,9015288,2.90869145,-73.00942085,R0
col,9015289,2.959083704,-73.00652206,R0
col,9015459,2.829840544,-72.94783234,R0
col,9015471,2.8301223,-73.01148759,R0
col,9015463,2.832345153,-73.08526855,R0
col,9015456,2.843110633,-72.9103587,R0
col,9015399,2.866349361,-72.96804714,R0
col,9015437,2.86937519,-73.16303878,R0
col,9015403,2.872282956,-73.04912229,R0
col,9015385,2.873553522,-73.10804357,R0
col,9016537,2.440780024,-73.04566113,R0
col,9016542,2.437301008,-73.04157651,R0
col,9016543,2.444136643,-73.03583262,R0
col,9016434,2.547199583,-73.1971546,R0
col,9016447,2.513219463,-73.27305958,R0
col,9016436,2.500182406,-73.17888758,R0
col,9016103,2.701337205,-73.08584486,R0
col,9016282,2.574986991,-73.02000836,R0
col,9016448,2.481069681,-73.19110383,R0
col,9016613,2.444553763,-73.16150991,R0
col,9015221,2.931356513,-73.36494848,R0
col,9015105,2.984493914,-73.28469612,R0
col,9014654,3.144360498,-67.62355666,R0
col,9014765,3.12135408,-67.59448895,R0
col,9014620,3.146846429,-67.58722896,R0
col,9014695,3.129471014,-67.69911023,R0
col,9014849,3.103553454,-67.66991108,R0
col,9014814,3.108026934,-67.75309124,R0
col,9014743,3.113785468,-67.82401448,R0
col,9014694,3.129269238,-67.82466027,R0
col,9014703,3.129703618,-67.7715351,R0
col,9014775,3.118858581,-67.90061626,R0
col,9015057,3.025088684,-68.06291459,R0
col,9014917,3.051212917,-68.00572675,R0
col,9016593,2.445676936,-68.86947104,R0
col,9016546,2.447145963,-68.77361977,R0
col,9016849,2.338074394,-69.06383687,R0
col,9016773,2.362809974,-69.01405271,R0
col,9016701,2.392720528,-69.06258248,R0
col,9016878,2.344558404,-68.66042722,R0
col,9016634,2.400066403,-68.64801627,R0
col,9016691,2.403289071,-68.71313902,R0
col,9016899,2.352607073,-68.61987788,R0
col,9016693,2.383744113,-68.53787434,R0
col,9016685,2.387872561,-68.63731569,R0
col,9016652,2.389743631,-68.56878027,R0
col,9016642,2.391666672,-68.61083334,R0
col,9016638,2.400564703,-68.62617399,R0
col,9016639,2.428402087,-68.61463994,R0
col,9017183,2.239671598,-68.67683247,R0
col,9017227,2.20083226,-68.5572094,R0
col,9017189,2.243415758,-68.43837063,R0
col,9017003,2.296250177,-68.29444371,R0
col,9016956,2.328229297,-68.4268528,R0
col,9016112,2.613676702,-68.65924324,R0
col,9016094,2.623094267,-68.72191063,R0
col,9017597,2.084952835,-68.64968348,R0
col,9017449,2.151709024,-68.72644088,R0
col,9017601,2.06850413,-68.56562345,R0
col,9015866,2.714438234,-67.56427141,R0
col,9017367,2.160553582,-68.33080639,R0
col,9017208,2.264395887,-68.26473786,R0
col,9016679,2.423926755,-68.09892648,R0
col,9016508,2.459817422,-68.06106175,R0
col,9016473,2.514981191,-68.08434766,R0
col,9016533,2.45748183,-68.37598385,R0
col,9016484,2.531119357,-68.33078792,R0
col,9016486,2.461656801,-68.28451185,R0
col,9016683,2.421391298,-68.28384543,R0
col,9016483,2.474231738,-68.25660072,R0
col,9016464,2.494154495,-68.19713169,R0
col,9016316,2.538417143,-68.18505657,R0
col,9016327,2.568698855,-68.12408408,R0
col,9016847,2.395413675,-68.2360781,R0
col,9015476,2.828888242,-67.75315767,R0
col,9015759,2.795112318,-67.64673255,R0
col,9015490,2.845509156,-68.28797728,R0
col,9015452,2.828013941,-68.03780619,R0
col,9015559,2.823178264,-67.80248599,R0
col,9015530,2.806974836,-68.23755087,R0
col,9015531,2.836303384,-68.20450391,R0
col,9015837,2.737058596,-68.46387075,R0
col,9015631,2.776582423,-68.44913005,R0
col,9015632,2.800910543,-68.35354871,R0
col,9015886,2.727585015,-68.24892113,R0
col,9015977,2.698171462,-68.18334426,R0
col,9015649,2.783951585,-68.17901434,R0
col,9015767,2.744314328,-68.15045811,R0
col,9016251,2.626767565,-68.04878484,R0
col,9015689,2.793874721,-67.9782897,R0
col,9015912,2.695306743,-67.97636627,R0
col,9015816,2.731830275,-67.93815365,R0
col,9015954,2.692195133,-67.92775657,R0
col,9015690,2.777475574,-67.88832428,R0
col,9015850,2.745785178,-67.84526675,R0
col,9015861,2.713562917,-68.07341469,R0
col,9016061,2.682862033,-68.58379516,R0
col,9016123,2.651149911,-68.52322935,R0
col,9015272,2.925219781,-67.81951211,R0
col,9015281,2.889420205,-67.88718255,R0
col,9015296,2.885059303,-67.85429389,R0
col,9015300,2.883171416,-67.90712902,R0
col,9015444,2.852843648,-68.03742389,R0
col,9016807,2.353529044,-69.13374043,R0
col,9016725,2.367720006,-69.17254573,R0
col,9016505,2.563636282,-67.39694033,R0
col,9016668,2.582052488,-67.78992353,R0
col,9017847,2.030705477,-67.84748708,R0
col,9017663,2.063039039,-68.07925067,R0
col,9017620,2.071452058,-67.87369806,R0
col,9017557,2.105098686,-67.90100385,R0
col,9017439,2.128315322,-67.93466809,R0
col,9017581,2.148536678,-68.05082684,R0
col,9018038,1.984777801,-68.02850835,R0
col,9017203,2.207263754,-68.10616281,R0
col,9017427,2.258006923,-67.9252431,R0
col,9017158,2.261378131,-68.05122219,R0
col,9016919,2.305287875,-68.03349693,R0
col,9016916,2.340166821,-67.98043645,R0
col,9016175,2.62025859,-67.58596438,R0
col,9015992,2.66628155,-67.52638776,R0
col,9016352,2.552093943,-67.58044289,R0
col,9016354,2.554572844,-67.66210421,R0
col,9017129,2.274095265,-67.65714493,R0
col,9017077,2.3005129,-67.74499242,R0
col,9016866,2.327449455,-67.69812126,R0
col,9016835,2.353475634,-67.72772545,R0
col,9017526,2.108911052,-67.66131763,R0
col,9017425,2.133349543,-67.66380676,R0
col,9016509,2.468219584,-67.63947862,R0
col,9016414,2.503706502,-67.57973892,R0
col,9016431,2.506568842,-67.60468696,R0
col,9016384,2.572302543,-68.94260517,R0
col,9015590,2.822882616,-68.67393839,R0
col,9015794,2.752419552,-68.73630534,R0
col,9015357,2.951862492,-68.46474793,R0
col,9015363,2.855416672,-68.60099587,R0
col,9014751,3.113937424,-73.51308226,R0
col,9014826,3.092777703,-73.59365269,R0
col,9014750,3.114820186,-73.58580619,R0
col,9014673,3.145720108,-73.53707151,R0
col,9015544,2.877441265,-74.0232888,R0
col,9015545,2.808079684,-73.98878312,R0
col,9015895,2.741908484,-73.95001225,R0
col,9016303,2.542577862,-73.94000726,R0
col,9016273,2.556387008,-73.95853424,R0
col,9016274,2.62231383,-73.90145255,R0
col,9016199,2.633874922,-73.96173256,R0
col,9016204,2.755440137,-73.42870892,R0
col,9016203,2.631111353,-73.4036014,R0
col,9015943,2.67429455,-73.47925539,R0
col,9015939,2.714919481,-73.51150513,R0
col,9016670,2.407621289,-73.08907117,R0
col,9016853,2.338856285,-73.39016482,R0
col,9016852,2.3520537,-73.42987851,R0
col,9016752,2.386435911,-73.402047,R0
col,9016673,2.396558425,-73.2870718,R0
col,9016043,2.635202282,-73.66555764,R0
col,9016033,2.660585179,-73.68130729,R0
col,9015969,2.678916127,-73.72795879,R0
col,9015913,2.693506999,-73.69939107,R0
col,9015914,2.702772436,-73.66484573,R0
col,9015619,2.791082249,-73.77721101,R0
col,9015620,2.800914643,-73.75951321,R0
col,9015877,2.727057537,-73.75184505,R0
col,9015137,2.967442547,-73.5456297,R0
col,9015197,2.941647798,-73.60828987,R0
col,9015004,3.053175224,-73.74145668,R0
col,9015104,2.98559912,-73.70836439,R0
col,9015240,2.933760353,-73.73506082,R0
col,9014784,3.180738115,-73.82989126,R0
col,9014788,3.110596234,-73.81028722,R0
col,9015009,3.035697787,-73.80655756,R0
col,9014668,3.137444164,-77.36828444,R0
col,9014741,3.144410033,-77.29275349,R0
col,9014870,3.091048551,-76.92059558,R0
col,9014739,3.114059514,-76.97194668,R0
col,9014701,3.118490165,-76.96635764,R0
col,9014686,3.125209587,-76.90446161,R5
col,9014742,3.154564546,-77.1107834,R0
col,9015063,3.01494745,-77.16013399,R0
col,9015088,3.029073173,-77.22818604,R0
col,9014931,3.050722927,-77.16243065,R0
col,9014874,3.073781796,-77.20563961,R0
col,9014831,3.09227194,-77.23678907,R0
col,9015404,2.863808133,-77.05771528,R0
col,9015253,2.906517398,-77.06890615,R0
col,9015223,2.919038772,-77.64143674,R0
col,9015082,2.981519009,-77.64056061,R0
col,9015051,3.109486997,-77.51138874,R0
col,9015563,2.81090317,-77.27974472,R0
col,9015455,2.843390159,-77.23666343,R0
col,9015396,2.860806782,-77.19907387,R0
col,9015332,2.874716121,-77.24033794,R0
col,9015327,2.897026231,-77.18581401,R0
col,9015094,2.98196566,-77.48000751,R0
col,9015069,2.996852508,-77.37367537,R0
col,9015054,3.000712197,-77.44049099,R0
col,9015208,2.938809201,-77.03200411,R0
col,9015242,2.911113611,-77.00220947,R0
col,9015318,2.929995639,-77.32961318,R0
col,9014759,3.112229446,-70.253028,R0
col,9014596,3.164839657,-70.18658709,R0
col,9014365,3.249357202,-70.09323129,R0
col,9014644,3.141003339,-70.19652716,R0
col,9014740,3.130690655,-70.16724991,R0
col,9014113,3.38316738,-70.1096063,R0
col,9015086,3.034948054,-69.98678909,R0
col,9015889,2.706575438,-69.87956922,R0
col,9016144,2.598055139,-70.27769009,R0
col,9016259,2.583998975,-70.53419591,R0
col,9017048,2.381452491,-70.64893348,R0
col,9016298,2.55508803,-70.03636633,R0
col,9016331,2.535117737,-70.00921588,R0
col,9016200,2.580778395,-70.26328252,R0
col,9015926,2.693127108,-70.15094091,R0
col,9015896,2.717345622,-70.1237676,R0
col,9015900,2.69480297,-70.05847887,R0
col,9015860,2.724866031,-70.04447412,R0
col,9016472,2.477427032,-70.47649722,R0
col,9016461,2.516342204,-70.44401929,R0
col,9016260,2.574602439,-70.47395148,R0
col,9016321,2.549881116,-70.74310729,R0
col,9015176,3.026625022,-70.28456156,R0
col,9015820,2.770640765,-70.40058631,R0
col,9015458,2.825576346,-70.41881615,R0
col,9015451,2.837542249,-70.38942825,R0
col,9015375,2.900959243,-70.32920039,R0
col,9015386,2.850127883,-70.36321372,R0
col,9015555,2.814603161,-70.34847987,R0
col,9015377,2.883430701,-70.258645,R0
col,9015790,2.765126748,-70.48628025,R0
col,9015534,2.81518976,-70.46595959,R0
col,9015502,2.956237197,-72.89279499,R0
col,9014211,3.332889022,-72.5954049,R0
col,9014233,3.329381615,-72.44858241,R0
col,9014180,3.345504754,-72.3231076,R0
col,9014385,3.268090834,-72.60748375,R0
col,9013939,3.464265411,-71.45626335,R0
col,9014403,3.247415053,-71.1873408,R0
col,9014010,3.398162965,-71.16648217,R0
col,9014166,3.344281606,-71.41423631,R0
col,9014147,3.388136764,-71.40780056,R0
col,9014206,3.322502301,-71.32215388,R0
col,9014207,3.326407676,-71.30079283,R0
col,9014157,3.370603642,-71.98314306,R0
col,9014756,3.111765359,-71.18281519,R0
col,9014804,3.106890512,-71.22806981,R0
col,9014816,3.123276963,-71.10100064,R0
col,9014824,3.092618411,-71.14256494,R0
col,9014744,3.183832606,-71.35119292,R0
col,9014745,3.115478121,-71.28656093,R0
col,9014764,3.107156032,-71.36832566,R0
col,9014778,3.103208349,-71.33566013,R0
col,9014803,3.101920789,-71.27192108,R0
col,9014836,3.09009263,-71.43640519,R0
col,9014515,3.18855929,-71.78194341,R0
col,9014267,3.291618625,-71.77535842,R0
col,9014268,3.287821074,-71.75089718,R0
col,9014444,3.246497311,-71.71877913,R0
col,9014475,3.19858228,-71.67805161,R0
col,9014161,3.332813675,-71.64075163,R0
col,9014566,3.175182613,-71.63824516,R0
col,9014476,3.25641297,-71.63219056,R0
col,9014162,3.327624162,-71.630509,R0
col,9014567,3.194511332,-71.59436076,R0
col,9014629,3.148567956,-71.58104748,R0
col,9014690,3.128155993,-71.59126451,R0
col,9014746,3.117508384,-71.53614459,R0
col,9014747,3.115549021,-71.50581928,R0
col,9014452,3.215736737,-72.04292657,R0
col,9014474,3.219097685,-71.95838366,R0
col,9014478,3.194884546,-71.90604376,R0
col,9014479,3.20165073,-71.85842346,R0
col,9014492,3.187321775,-71.99057529,R0
col,9014559,3.179855596,-72.1720296,R0
col,9015337,2.875385302,-71.24117869,R0
col,9015311,2.888379458,-71.14750735,R0
col,9015265,2.895929053,-71.19103809,R0
col,9015250,2.901986675,-71.16515447,R0
col,9015246,2.948568353,-71.22934777,R0
col,9015384,2.879962089,-71.35647744,R0
col,9015219,2.91962689,-71.34967763,R0
col,9015401,2.868048603,-71.54885333,R0
col,9015358,2.868204247,-71.47354116,R0
col,9015381,2.872757701,-71.42813897,R0
col,9015474,2.856768752,-71.76701466,R0
col,9015231,2.92480761,-71.78216862,R0
col,9015464,2.839273448,-71.63975354,R0
col,9015400,2.85746096,-71.69822573,R0
col,9015255,2.902083338,-71.75486112,R0
col,9015319,2.90348365,-71.66358659,R0
col,9015232,2.913006022,-71.75837936,R0
col,9015145,3.011254374,-71.80293659,R0
col,9015261,2.996946729,-71.56032045,R0
col,9015335,2.898279784,-72.23989193,R0
col,9015621,2.807636164,-72.22038387,R0
col,9015314,2.891463435,-72.19722234,R0
col,9015333,2.876728843,-72.14072761,R0
col,9015033,3.007237419,-71.98022752,R0
col,9015012,3.053022341,-72.13014145,R0
col,9014971,3.061759453,-72.03918594,R0
col,9015523,2.820586902,-71.97677281,R0
col,9015432,2.830644819,-71.91716143,R0
col,9015408,2.849525513,-71.8692139,R0
col,9015034,3.03757509,-71.93921887,R0
col,9015144,2.989087616,-71.85780447,R0
col,9015472,2.828725754,-72.07898886,R0
col,9015442,2.845780311,-72.00579388,R0
col,9015315,2.884083436,-72.10454698,R0
col,9015056,2.993958338,-72.31895834,R0
col,9015179,2.958115134,-72.30448153,R0
col,9015198,2.924969351,-72.31811079,R0
col,9015774,2.747857894,-72.40045254,R0
col,9015568,2.811031868,-72.38359933,R0
col,9015010,3.014393628,-72.39843444,R0
col,9015011,3.037209212,-72.3864071,R0
col,9015066,2.99522293,-72.35069867,R0
col,9014789,3.130639087,-72.48195704,R0
col,9014965,3.050747609,-72.47660553,R0
col,9015002,3.01955296,-72.44067722,R0
col,9014790,3.097644638,-72.44005456,R0
col,9014983,3.056257713,-72.42636255,R0
col,9014982,3.026529644,-72.41841769,R0
col,9015626,2.802724498,-72.56740309,R0
col,9014862,3.101340306,-72.56296319,R0
col,9014920,3.060119843,-72.55715661,R0
col,9015627,2.847604933,-72.52858088,R0
col,9015752,2.748693505,-72.49906277,R0
col,9014813,3.092418568,-72.70997247,R0
col,9014771,3.101087613,-72.65067032,R0
col,9014774,3.102966753,-72.62552663,R0
col,9014723,3.115380272,-72.61197638,R0
col,9015405,2.846924549,-72.61418462,R0
col,9015406,2.890716788,-72.67321087,R0
col,9014613,3.177494611,-73.43686228,R0
col,9014500,3.19723467,-73.29446377,R0
col,9014499,3.270499249,-73.39732173,R0
col,9014707,3.132829084,-73.43848246,R0
col,9014718,3.120071022,-73.45283507,R0
col,9014755,3.127668645,-73.17092142,R0
col,9014844,3.131722904,-73.2551398,R0
col,9014782,3.100122172,-73.17792358,R0
col,9014940,3.055484826,-73.2443761,R0
col,9014939,3.086766351,-73.3366579,R0
col,9014845,3.092243133,-73.2119089,R0
col,9014612,3.212258477,-73.53264275,R0
col,9014186,3.340059464,-73.13032275,R0
col,9014199,3.321731413,-73.15818822,R0
col,9014578,3.193160767,-73.00381091,R0
col,9015085,2.982661045,-73.36039279,R0
col,9015143,2.963127643,-73.3878033,R0
col,9014023,3.425275993,-69.94632605,R0
col,9013727,3.523409753,-69.8344868,R0
col,9014181,3.37867104,-69.90252476,R0
col,9014246,3.400976626,-69.78789866,R0
col,9014208,3.338503468,-70.0284353,R0
col,9014036,3.403358975,-70.02255165,R0
col,9013794,3.524090793,-69.65231117,R0
col,9013732,3.570058937,-69.53053829,R0
col,9013304,3.673208432,-69.52405973,R0
col,9013302,3.681583173,-69.48257212,R0
col,9013552,3.603388861,-68.92394531,R0
col,9014114,3.400715299,-68.91253279,R0
col,9013951,3.423211659,-69.02626646,R0
col,9013875,3.452612707,-69.02538794,R0
col,9014122,3.356662922,-68.86976809,R0
col,9014370,3.277285995,-69.00346741,R0
col,9014427,3.225500127,-68.96315682,R0
col,9014432,3.218261762,-69.19840216,R0
col,9014270,3.361489206,-69.24929838,R0
col,9014025,3.393987988,-69.09227367,R0
col,9013950,3.427481651,-69.1048942,R0
col,9013898,3.441085628,-69.17627625,R0
col,9014777,3.136627419,-69.2458671,R0
col,9013600,3.54456205,-68.7104635,R0
col,9014015,3.413486675,-68.6748932,R0
col,9013612,3.536121604,-68.79856112,R0
col,9013650,3.525966062,-68.79710056,R0
col,9013610,3.544900082,-68.75577597,R0
col,9013636,3.53318507,-68.72781761,R0
col,9014163,3.338130477,-68.83752484,R0
col,9014164,3.357726585,-68.74867415,R0
col,9014738,3.124831669,-69.93834575,R0
col,9013848,3.44770316,-69.41926076,R0
col,9013871,3.443441935,-69.40776219,R0
col,9013833,3.549583059,-69.33861126,R0
col,9013985,3.418580962,-69.38438384,R0
col,9014128,3.38295545,-69.45456436,R0
col,9014677,3.22662368,-69.72529136,R0
col,9014366,3.291564512,-69.49141364,R0
col,9014159,3.342773625,-69.52712861,R0
col,9014158,3.345329234,-69.56355584,R0
col,9015304,2.912307699,-69.86929523,R0
col,9015024,3.015262687,-69.78386526,R0
col,9014901,3.064538857,-69.54830681,R0
col,9014859,3.110059826,-69.47934754,R0
col,9015031,3.008877929,-69.44814793,R0
col,9014947,3.051213257,-69.42734953,R0
col,9015005,3.026164154,-69.74162752,R0
col,9015048,3.003614563,-69.712967,R0
col,9015049,3.02541091,-69.66992813,R0
col,9014897,3.077492623,-69.64648787,R0
col,9015776,2.778506489,-69.82361663,R0
col,9015279,2.897510253,-69.52394404,R0
col,9015362,2.864196756,-69.58321676,R0
col,9014242,3.320926392,-67.3507715,R0
col,9013933,3.426725271,-67.4348826,R0
col,9014105,3.428024405,-67.3425649,R0
col,9013859,3.462336045,-67.41390943,R0
col,9013974,3.41923131,-67.46907011,R0
col,9014253,3.302854136,-67.40305023,R0
col,9013487,3.629254421,-67.44514665,R0
col,9014177,3.373593217,-67.76597826,R0
col,9013876,3.471642768,-67.75266377,R0
col,9013681,3.550448725,-67.64059389,R0
col,9013659,3.559880066,-67.57802804,R0
col,9013084,3.760393913,-67.53029878,R0
col,9014393,3.27890864,-67.5684166,R0
col,9014607,3.184283687,-67.51687898,R0
col,9014653,3.132306477,-67.67150276,R0
col,9014645,3.146650778,-67.6838985,R0
col,9013733,3.495527416,-67.69530191,R0
col,9013008,3.774004259,-76.71352041,R0
col,9013378,3.692361442,-76.67926177,R0
col,9013025,3.759666884,-76.65558805,R0
col,9013002,3.768958338,-76.64708334,R0
col,9013128,3.744990715,-76.76158913,R0
col,9013426,3.613108831,-76.68198757,R0
col,9013466,3.607229712,-76.66588278,R0
col,9013595,3.581523846,-76.8085318,R0
col,9012343,4.040971143,-77.3800016,R0
col,9012207,4.167263248,-77.29369581,R0
col,9012286,4.097020418,-77.11089644,R0
col,9012250,4.072948592,-77.00919756,R0
col,9012468,4.025356875,-76.99249019,R0
col,9012595,3.954918852,-76.8743789,R0
col,9012293,4.049516459,-77.18056641,R0
col,9012921,3.834066067,-76.98928965,R0
col,9012981,3.840886499,-76.82746989,R0
col,9012823,3.841041671,-76.90020834,R0
col,9012651,3.917156342,-77.12353234,R0
col,9012610,3.925873444,-77.10705274,R0
col,9012503,3.974897996,-77.22290117,R0
col,9014595,3.242157148,-77.41107753,R0
col,9014338,3.261843988,-77.28539096,R0
col,9014306,3.349888541,-77.33998507,R0
col,9014376,3.267323728,-77.15644111,R0
col,9014722,3.118221679,-76.94197445,R0
col,9014665,3.171922187,-76.91238005,R0
col,9013994,3.427108151,-76.84353994,R0
col,9013930,3.434564949,-76.80870168,R0
col,9013126,3.747545318,-77.04649849,R0
col,9013251,3.70123413,-76.95770214,R0
col,9013077,3.755520228,-76.94596098,R0
col,9013425,3.627195581,-76.92239234,R0
col,9013252,3.678230154,-76.9157811,R0
col,9013805,3.523150575,-76.86314821,R0
col,9013982,3.451208015,-77.29841116,R0
col,9013900,3.440983138,-77.09127229,R0
col,9013702,3.628686889,-77.02797031,R0
col,9013491,3.592347518,-77.18803971,R0
col,9013725,3.50280595,-77.19322802,R0
col,9014041,3.444925891,-77.17830694,R0
col,9013691,3.517882641,-77.26791462,R0
col,9014342,3.303223921,-76.9928468,R0
col,9014104,3.372504966,-76.99756308,R0
col,9013975,3.400042398,-77.03935745,R0
col,9013983,3.407741524,-77.07845265,R0
col,9014026,3.402640864,-77.12140707,R0
col,9012652,3.912849986,-77.10162164,R0
col,9012052,4.233403407,-73.62364632,R0
col,9012572,3.995692579,-73.44436878,R0
col,9012335,4.065933752,-73.76054327,R0
col,9012326,4.037645563,-73.23054277,R0
col,9012211,4.105055632,-73.33752161,R0
col,9012316,4.063894328,-73.27436397,R0
col,9011372,4.431821353,-77.30334153,R0
col,9011259,4.525314338,-77.25848301,R0
col,9011778,4.345607848,-76.7160905,R0
col,9012007,4.258531625,-76.69863837,R0
col,9011374,4.430429766,-76.9714102,R0
col,9011584,4.357578093,-76.93163434,R0
col,9011376,4.425873608,-76.88450639,R0
col,9011870,4.269384306,-76.82689772,R0
col,9012185,4.150799969,-76.93618233,R0
col,9012168,4.131218351,-76.77181843,R0
col,9012356,4.073014379,-76.73275277,R0
col,9011599,4.34533005,-77.37607596,R0
col,9011604,4.337079818,-77.01732596,R0
col,9011580,4.379753078,-77.00254,R0
col,9011532,4.373327658,-77.34833595,R0
col,9011603,4.370985952,-77.06299827,R0
col,9011771,4.275284021,-77.35188797,R0
col,9011896,4.255238201,-77.16039335,R0
col,9012030,4.181802225,-77.11498907,R0
col,9011979,4.207618276,-77.06162574,R0
col,9011968,4.258101137,-77.01870478,R0
col,9011121,4.552178019,-75.40414076,R0
col,9011562,4.376111175,-75.34340279,R0
col,9011419,4.416060861,-75.32471277,R0
col,9011626,4.436208096,-75.23216983,R0
col,9011363,4.470034752,-75.39156457,R0
col,9011695,4.334423035,-75.2300784,R0
col,9010853,4.695648661,-76.77090034,R0
col,9010950,4.608527019,-76.66917223,R0
col,9010854,4.648945309,-76.61097854,R0
col,9011179,4.539464862,-76.64355799,R0
col,9011150,4.546407235,-76.58958796,R0
col,9010835,4.644369743,-76.51440283,R0
col,9010880,4.64791747,-76.43711716,R0
col,9010795,4.677534346,-76.49509085,R0
col,9010713,4.70333849,-76.42496216,R0
col,9011234,4.48997945,-76.61257099,R0
col,9011544,4.411573902,-76.61822649,R0
col,9011436,4.439902961,-76.45349734,R0
col,9012472,3.983856011,-74.36971202,R0
col,9012454,4.032694862,-74.36031097,R0
col,9012473,3.997564452,-74.33910141,R0
col,9010665,4.721203381,-74.10647271,R2
col,9010594,4.750543845,-74.12287171,R0
col,9011476,4.516287632,-74.14822824,R0
col,9010873,4.650909745,-74.15878042,R0
col,9012127,4.151046922,-74.16425289,R0
col,9011993,4.177255113,-74.13256167,R0
col,9011997,4.179087334,-74.16455948,R0
col,9011975,4.193685799,-74.1266779,R0
col,9000197,11.17789085,-73.60606579,R0
col,9000285,11.08901066,-73.75711577,R0
col,9000173,11.20149544,-73.67847495,R0
col,9000181,11.17512185,-74.19317864,R0
col,9000151,11.23244142,-74.1675582,R0
col,9000135,11.28004401,-73.9446208,R0
col,9000203,11.17102598,-73.80503035,R0
col,9000152,11.24212299,-73.69858021,R0
col,9000192,11.18903002,-73.8948176,R0
col,9000095,11.49028209,-72.96685155,R0
col,9000127,11.32700508,-73.19277133,R0
col,9000120,11.36632436,-73.02513197,R0
col,9000113,11.38104167,-73.15437501,R0
col,9000107,11.40950597,-73.07838131,R0
col,9000198,11.29263898,-72.94315369,R0
col,9000164,11.20165841,-72.74035502,R0
col,9000160,11.21409496,-72.78995956,R0
col,9000159,11.28747556,-72.78669253,R0
col,9000121,11.34188511,-72.76775399,R0
col,9000116,11.42354262,-72.649371,R0
col,9000105,11.43984372,-72.71962979,R0
col,9000119,11.41335957,-72.83570482,R0
col,9000093,11.4724793,-72.85423874,R0
col,9000092,11.49420636,-72.82239633,R0
col,9000091,11.49821127,-72.85650449,R0
col,9000085,11.53359202,-72.88140003,R0
col,9000130,11.30065544,-73.18464733,R0
col,9000138,11.26480061,-73.11235277,R0
col,9000137,11.28148209,-73.17423449,R0
col,9000136,11.28266918,-73.14564332,R0
col,9000186,11.22834091,-73.02399292,R0
col,9000223,11.09574051,-73.01842351,R0
col,9000215,11.11796331,-73.11739808,R0
col,9000051,11.81095728,-71.93788476,R0
col,9000069,11.6983851,-71.92962029,R0
col,9000052,11.82416897,-71.88105279,R0
col,9000008,12.30391189,-71.27968614,R0
col,9000010,12.24002924,-71.23971749,R0
col,9000015,12.19100114,-71.21060822,R100
col,9000024,12.09038585,-71.13599321,R100
col,9000037,12.00126206,-71.25557166,R0
col,9000048,11.87756755,-71.45043916,R0
col,9000039,11.94087112,-71.38814985,R0
col,9000040,11.9268791,-71.35033292,R0
col,9000041,11.95896807,-71.31853493,R0
col,9000016,12.18065247,-71.48636024,R0
col,9000019,12.1959757,-71.44766755,R0
col,9000012,12.20016699,-71.51397809,R0
col,9000011,12.22031527,-71.47885143,R0
col,9000009,12.28560015,-71.45681054,R0
col,9000004,12.31900161,-71.41581926,R0
col,9000003,12.35340785,-71.43809657,R0
col,9000050,11.8292492,-71.63681735,R0
col,9000049,11.84979922,-71.60486011,R0
col,9000042,11.91608976,-71.53202725,R0
col,9000043,11.92529248,-71.52766917,R0
col,9000064,11.76424523,-71.57389614,R0
col,9000001,12.43208333,-71.62791668,R0
col,9000080,11.5540759,-72.12155297,R0
col,9000046,11.88117691,-72.2571735,R2
col,9000038,11.94950971,-72.19867917,R0
col,9000036,11.99158634,-72.06385234,R0
col,9000026,12.083125,-72.13062501,R0
col,9000025,12.0865533,-72.13695771,R0
col,9000027,12.08660738,-72.08907027,R0
col,9000022,12.12426461,-71.97658588,R0
col,9000060,11.77921258,-72.13462239,R0
col,9000005,12.30145833,-71.75895834,R0
col,9000007,12.35221858,-71.63886771,R0
col,9000006,12.35555451,-71.59064577,R0
col,9000013,12.19136337,-71.86429231,R0
col,9000014,12.20103425,-71.85412721,R0
col,9000017,12.16697083,-71.83235337,R0
col,9000018,12.15041667,-71.78895834,R0
col,9000029,12.09499992,-71.76223244,R0
col,9000035,12.01139717,-71.71751126,R0
col,9000028,12.06701249,-71.68700193,R0
col,9000030,12.05386987,-71.71497944,R0
col,9000032,12.10379913,-71.86185531,R0
col,9000034,12.02581019,-71.69472389,R0
col,9000061,11.70330486,-72.21638384,R0
col,9000063,11.70602602,-72.2384656,R0
col,9000062,11.70963861,-72.25966508,R0
col,9000058,11.76882082,-72.3115331,R0
col,9010623,4.744047551,-72.91260353,R0
col,9010621,4.840806002,-72.88844849,R0
col,9010726,4.699262859,-72.76879783,R0
col,9010725,4.701506774,-72.81393864,R0
col,9010640,4.729477477,-72.78428299,R0
col,9010641,4.754357174,-72.76165393,R0
col,9010921,4.642798245,-72.76700089,R0
col,9011295,4.460362841,-71.22344257,R0
col,9011273,4.469183303,-71.1509799,R0
col,9011265,4.494119871,-71.1560735,R0
col,9011086,4.551013705,-71.59410671,R0
col,9011381,4.435302486,-71.32250705,R0
col,9011529,4.439075063,-71.442285,R0
col,9011327,4.440067612,-71.25608064,R0
col,9011301,4.448396694,-71.27681985,R0
col,9011217,4.494345619,-71.26469231,R0
col,9011176,4.519461887,-71.44556239,R0
col,9011165,4.521153353,-71.33976229,R0
col,9011613,4.36449371,-71.76865908,R0
col,9011421,4.408072097,-71.76275619,R0
col,9011369,4.438684502,-71.70007925,R0
col,9011294,4.455465225,-71.74522829,R0
col,9011759,4.380589962,-71.63960948,R0
col,9011272,4.481994353,-71.62849525,R0
col,9011139,4.521473756,-71.57026441,R0
col,9011742,4.299387857,-71.96012642,R0
col,9011756,4.296987943,-71.85544915,R0
col,9011683,4.308433754,-71.92567343,R0
col,9011647,4.31940159,-71.8783146,R0
col,9011847,4.261447286,-71.23344716,R0
col,9011757,4.279271677,-71.16457192,R0
col,9011713,4.291035069,-71.18859062,R0
col,9011705,4.291250004,-71.22375001,R0
col,9011706,4.302703999,-71.22748109,R0
col,9011731,4.285638313,-71.0925236,R0
col,9011839,4.245216753,-71.47218225,R0
col,9011840,4.260894033,-71.41321144,R0
col,9011745,4.282369805,-71.29968978,R0
col,9011726,4.308143234,-71.42727796,R0
col,9012119,4.18505916,-71.64885943,R0
col,9012151,4.124619202,-71.86934048,R0
col,9012111,4.154113481,-71.87622727,R0
col,9011003,4.575676348,-71.80076831,R0
col,9010985,4.597147411,-71.69324173,R0
col,9010928,4.616387748,-71.59698443,R0
col,9010863,4.661260247,-71.58246785,R0
col,9010769,4.712183048,-71.33638576,R0
col,9010745,4.741801447,-71.221564,R0
col,9010736,4.72682812,-71.07902788,R0
col,9010467,4.790794966,-71.29909156,R0
col,9010715,4.69304344,-71.5101955,R0
col,9012811,3.934465655,-71.18666476,R0
col,9012383,4.033439271,-71.1379835,R0
col,9012344,4.03360266,-71.20213205,R0
col,9012318,4.094754767,-71.19262826,R0
col,9012904,3.836209402,-71.46102324,R0
col,9012667,3.974688871,-71.5011936,R0
col,9012488,4.001750947,-71.2899405,R0
col,9012398,4.020039284,-71.33078253,R0
col,9012336,4.035567554,-71.27597791,R0
col,9012317,4.039654826,-71.32198396,R0
col,9012312,4.078707,-71.50606885,R0
col,9013319,3.735837005,-71.36718607,R0
col,9013357,3.638619823,-71.50393621,R0
col,9013467,3.610234262,-71.79351761,R0
col,9013403,3.613958338,-71.91979167,R0
col,9013413,3.620483405,-71.86460547,R0
col,9013343,3.636544632,-71.78927009,R0
col,9013344,3.648070718,-71.69602291,R0
col,9013342,3.651642108,-71.81240278,R0
col,9013481,3.696104575,-72.06947139,R0
col,9013726,3.557832502,-72.01236348,R0
col,9013300,3.690426032,-71.6538757,R0
col,9013298,3.65891602,-71.61364785,R0
col,9013301,3.656077416,-71.61676778,R0
col,9013326,3.651006983,-71.60157957,R0
col,9013340,3.644299749,-71.54598512,R0
col,9013408,3.626463007,-71.61574628,R0
col,9012543,3.967807888,-71.96979597,R0
col,9012487,3.985803686,-71.94843317,R0
col,9012474,3.986421046,-72.00130688,R0
col,9012883,3.831040432,-71.99771124,R0
col,9012884,3.901664156,-71.91264712,R0
col,9012938,3.914353254,-71.76394115,R0
col,9012461,3.991695314,-71.90372387,R0
col,9012429,3.999875092,-71.93016866,R0
col,9012462,4.036631895,-71.79084844,R0
col,9013492,3.595982146,-71.2140427,R0
col,9013391,3.632291797,-71.22953084,R0
col,9014062,3.395739828,-72.37283209,R0
col,9013890,3.437083338,-72.38791668,R0
col,9013536,3.564827416,-72.36117852,R0
col,9011253,4.496978899,-71.88269153,R0
col,9014069,3.370384517,-72.28527845,R0
col,9014072,3.367291671,-72.22645834,R0
col,9014056,3.392414985,-72.20081173,R0
col,9013453,3.605706916,-72.30665649,R0
col,9013250,3.685752684,-72.28820279,R0
col,9013591,3.550090597,-72.34345757,R0
col,9013139,3.729150768,-72.22761742,R0
col,9013168,3.732574051,-72.29057478,R0
col,9013017,3.759511849,-72.2801726,R0
col,9012926,3.814220798,-72.26134711,R0
col,9012861,3.831666671,-72.27458334,R0
col,9012834,3.858512496,-72.25484331,R0
col,9012780,3.863256534,-72.21981695,R0
col,9012484,4.172879742,-72.10383661,R0
col,9013967,3.40896796,-71.83532426,R0
col,9013946,3.426428841,-71.90688095,R0
col,9013922,3.441467468,-71.80695609,R0
col,9001681,9.612370523,-73.24424973,R0
col,9001461,9.790855936,-73.12090079,R0
col,9001462,9.74501862,-73.16215486,R0
col,9001556,9.712582239,-73.20909764,R0
col,9001557,9.690591023,-73.20171451,R0
col,9001579,9.681243777,-73.51469492,R0
col,9001490,9.736194233,-73.58937062,R0
col,9001433,9.777313922,-73.37801806,R0
col,9001569,9.722611168,-73.3495907,R0
col,9009344,5.273111809,-76.74689091,R0
col,9009742,5.182607065,-76.63591297,R0
col,9011064,4.578472291,-76.97120117,R0
col,9011063,4.561010154,-77.04650149,R0
col,9011028,4.600882074,-76.84078914,R0
col,9011339,4.452909065,-76.9345434,R0
col,9011360,4.440549398,-76.79218862,R0
col,9011373,4.481012807,-77.00461929,R0
col,9007365,6.253491031,-75.57153041,R0
col,9007273,6.23139279,-75.82597627,R0
col,9007150,6.341677067,-75.84560866,R0
col,9007019,6.385570762,-75.78140577,R0
col,9007003,6.395586411,-75.74630598,R0
col,9007048,6.340223366,-75.55681178,R0
col,9007049,6.383943014,-75.44813963,R0
col,9008653,5.569042729,-76.13572605,R0
col,9008654,5.560113116,-76.10925525,R0
col,9008988,5.449878819,-76.2876552,R0
col,9008989,5.428800579,-76.27394158,R0
col,9008931,5.456518136,-76.2577633,R0
col,9008942,5.48916019,-76.17981622,R0
col,9008618,5.638399574,-76.71660394,R0
col,9008965,5.456879482,-76.72756797,R0
col,9008866,5.480544412,-76.71530778,R0
col,9008828,5.527652205,-76.74830805,R0
col,9008648,5.579455559,-76.84061815,R0
col,9008809,5.548599371,-76.63033559,R0
col,9008545,5.613145604,-76.63028914,R0
col,9001787,9.542729209,-73.31174466,R0
col,9001826,9.485799603,-73.47288201,R0
col,9001784,9.526280438,-73.53192267,R0
col,9001748,9.579889629,-73.42956852,R0
col,9001805,9.525541505,-73.40243378,R0
col,9008613,5.665879797,-71.80764064,R0
col,9008666,5.558584888,-71.77791069,R0
col,9008649,5.56108403,-71.68137033,R0
col,9008641,5.571373375,-71.85247806,R0
col,9008690,5.549623358,-71.83938533,R0
col,9008647,5.647834622,-71.98210082,R0
col,9007512,6.141081459,-75.62354213,R0
col,9007370,6.173646698,-75.60320291,R0
col,9007736,6.004844044,-76.9196266,R0
col,9007772,5.973878749,-76.92033707,R0
col,9007776,5.974592645,-76.83799886,R0
col,9007719,6.021093461,-76.75812452,R0
col,9007614,6.047582323,-76.77493862,R0
col,9007558,6.099657831,-76.88363873,R0
col,9007924,5.889784776,-76.76762564,R0
col,9007588,6.065712444,-76.74158842,R0
col,9007498,6.112398194,-76.70679017,R0
col,9007911,5.937460681,-76.74521759,R0
col,9008006,5.857514037,-76.71721081,R0
col,9007762,5.978520562,-76.75219102,R0
col,9007589,6.068072947,-76.7658163,R0
col,9007766,5.996239994,-76.55678604,R0
col,9007587,6.079605807,-76.72580509,R0
col,9007521,6.101059683,-76.70027268,R0
col,9007493,6.121941634,-76.64210471,R0
col,9007456,6.12371212,-76.5821182,R0
col,9007660,6.068050927,-76.49455707,R0
col,9007797,5.959434745,-76.7215237,R0
col,9007798,5.954462923,-76.71539632,R0
col,9007882,5.93111772,-76.70110325,R0
col,9008024,5.902962943,-69.85261693,R0
col,9007872,5.922029498,-68.98985237,R0
col,9007868,5.929404555,-69.03415057,R0
col,9007839,5.931430327,-69.00443716,R0
col,9007848,5.935865931,-69.18997153,R0
col,9007829,5.95045568,-69.07993529,R0
col,9007969,5.946862224,-69.38463293,R0
col,9007951,5.956187729,-69.63484846,R0
col,9007691,6.018001779,-69.60376618,R0
col,9007628,6.044366393,-69.52900533,R0
col,9007537,6.096215021,-68.97027662,R0
col,9007471,6.142390239,-68.86626967,R0
col,9007366,6.175248353,-68.85517929,R0
col,9007840,6.023557948,-68.95567598,R0
col,9007545,6.117787152,-69.17721024,R0
col,9007373,6.201452099,-69.06708132,R0
col,9007544,6.108206692,-69.3235172,R0
col,9007585,6.068177408,-69.24103377,R0
col,9008992,5.418333337,-70.60416668,R0
col,9008978,5.451665551,-70.55277383,R0
col,9009511,5.281485016,-70.53429164,R0
col,9009174,5.355603138,-70.43979276,R0
col,9008457,5.645561338,-70.10879392,R0
col,9008015,5.858486967,-69.95981821,R0
col,9008004,5.858249032,-69.94211323,R0
col,9008868,5.541162344,-70.16427419,R0
col,9008696,5.568949817,-70.12648573,R0
col,9008569,5.619625106,-70.12529783,R0
col,9008840,5.506830715,-70.47676424,R0
col,9008746,5.561816085,-70.3677533,R0
col,9009077,5.462261457,-70.34465936,R0
col,9009069,5.411270115,-70.57182734,R0
col,9009559,5.233565391,-69.12429703,R0
col,9009267,5.312454709,-69.17457011,R0
col,9009233,5.336701664,-68.96781299,R0
col,9009161,5.36946255,-68.97725208,R0
col,9009593,5.180474804,-69.32185333,R0
col,9009520,5.257533634,-69.32705003,R0
col,9008972,5.467212099,-69.04536273,R0
col,9008876,5.58026258,-69.12450255,R0
col,9008914,5.46167602,-69.33669311,R0
col,9008982,5.442927585,-69.50547399,R0
col,9008673,5.553314819,-68.83468122,R0
col,9008712,5.55573893,-69.93998887,R0
col,9008629,5.565591866,-69.89164987,R0
col,9008597,5.593476597,-69.89210283,R0
col,9008306,5.72840444,-69.18104111,R0
col,9008315,5.72983642,-68.97994855,R0
col,9008253,5.758964069,-69.05639772,R0
col,9008235,5.760614204,-69.1603087,R0
col,9008175,5.773438781,-69.18503903,R0
col,9008480,5.656029351,-69.415685,R0
col,9008501,5.656657859,-69.35397749,R0
col,9008350,5.739059337,-69.33095594,R0
col,9008226,5.76647896,-69.36485744,R0
col,9008217,5.771438218,-69.26002579,R0
col,9008178,5.784958827,-69.42385358,R0
col,9008154,5.785000003,-69.34000001,R0
col,9008536,5.614034698,-69.37703715,R0
col,9008246,5.759238734,-69.53456765,R0
col,9008158,5.785281356,-69.53234577,R0
col,9008783,5.560547404,-69.46687206,R0
col,9008274,5.770175469,-68.83277867,R0
col,9008208,5.792232751,-68.88875632,R0
col,9008879,5.493525136,-69.7218955,R0
col,9008782,5.518671338,-69.6435696,R0
col,9008776,5.520812077,-69.58142972,R0
col,9008769,5.530116245,-69.7197724,R0
col,9008716,5.576493475,-69.6881281,R0
col,9008609,5.579707164,-69.84045644,R0
col,9008770,5.643105003,-69.72580632,R0
col,9009466,5.210252396,-70.08065921,R0
col,9009455,5.230956808,-70.00838514,R0
col,9009395,5.247317233,-69.91774005,R0
col,9009370,5.264406142,-69.92577337,R0
col,9009349,5.271833302,-70.05133402,R0
col,9009171,5.34367199,-69.87895858,R0
col,9009117,5.379281842,-70.01409001,R0
col,9009839,5.145339289,-70.27648641,R0
col,9009573,5.192733433,-70.13262798,R0
col,9009386,5.255987509,-70.22892509,R0
col,9009203,5.349108412,-70.13493212,R0
col,9009634,5.152752739,-69.47566577,R0
col,9009643,5.148605202,-69.43980566,R0
col,9009894,5.083354388,-69.52139941,R0
col,9009892,5.047335967,-69.59671254,R0
col,9009907,5.033176713,-69.59008643,R0
col,9009712,5.125765151,-69.76747579,R0
col,9009707,5.136794484,-69.84874637,R0
col,9009642,5.163168562,-69.60986607,R0
col,9009595,5.238777312,-69.58847017,R0
col,9009352,5.266745684,-69.81309564,R0
col,9009292,5.30622008,-69.75691739,R0
col,9009172,5.357756576,-69.80999081,R0
col,9010049,4.986266841,-70.04520288,R0
col,9010069,4.991368467,-69.9410588,R0
col,9010205,4.931848457,-70.21490039,R0
col,9009977,5.020262236,-70.08517559,R0
col,9010140,5.045949405,-69.44974636,R0
col,9010154,4.929193275,-69.58804335,R0
col,9010221,4.929488792,-69.8024211,R0
col,9007786,5.962216175,-69.88588912,R0
col,9007647,6.034014139,-69.84029839,R0
col,9007963,5.909563741,-69.92210752,R0
col,9008408,5.75496963,-70.02284506,R0
col,9008631,5.595521563,-70.19580328,R0
col,9008544,5.609957501,-75.88010262,R0
col,9008562,5.598763934,-75.85511105,R0
col,9010153,4.967870232,-76.59118373,R0
col,9010399,4.831500316,-76.6916363,R0
col,9010406,4.806326962,-76.6853848,R0
col,9010407,4.817686165,-76.65552248,R0
col,9010547,4.776237092,-76.66325312,R0
col,9010525,4.793241401,-76.78430804,R0
col,9010008,5.003909141,-76.73644125,R0
col,9009743,5.103367565,-76.68999077,R0
col,9010528,4.811826505,-76.87131546,R0
col,9010256,4.942002378,-76.81308927,R0
col,9009792,5.088314127,-76.7389132,R0
col,9009929,5.045909062,-76.72334849,R0
col,9009793,5.084581403,-76.70804181,R0
col,9010255,4.881797386,-76.87290374,R0
col,9010728,4.694245851,-76.94826159,R0
col,9010529,4.751595182,-76.85805965,R0
col,9010729,4.712203095,-76.89013688,R0
col,9010920,4.642281748,-76.93495928,R0
col,9009958,5.033894145,-76.16851473,R0
col,9009869,5.088971314,-76.22865482,R0
col,9010035,5.011998615,-76.31842707,R0
col,9010030,4.993048718,-76.42030028,R0
col,9009978,5.037462907,-76.40516755,R0
col,9010445,4.820902011,-76.41611703,R0
col,9010288,4.868047228,-76.42893059,R0
col,9010268,4.901494642,-76.43266351,R0
col,9010166,4.925143665,-76.35440863,R0
col,9010150,4.958321089,-76.39916443,R0
col,9010214,4.904201927,-76.28922173,R0
col,9010182,4.923055182,-76.22738408,R0
col,9009789,5.116853593,-76.47210643,R0
col,9009903,5.048372292,-76.56631857,R0
col,9009797,5.085462717,-76.63149482,R0
col,9009935,5.017292911,-76.71539629,R0
col,9009536,5.190739877,-72.61602438,R0
col,9009502,5.214509388,-72.59424662,R0
col,9009239,5.351073066,-72.55017812,R0
col,9009465,5.247602863,-72.46356485,R0
col,9009458,5.222161471,-72.40689363,R0
col,9009691,5.126510554,-72.38090747,R0
col,9009692,5.166687369,-72.3802837,R0
col,9010094,5.038572889,-72.56553993,R0
col,9009947,5.097398955,-72.72870092,R0
col,9009976,5.104450335,-72.50371063,R0
col,9010237,4.920564809,-72.49073204,R0
col,9009975,5.006943694,-72.45351322,R0
col,9010312,4.864375928,-72.39903536,R0
col,9010337,4.859677365,-72.43450255,R0
col,9004229,7.895275669,-72.45993156,R0
col,9009289,5.329365372,-76.89293799,R0
col,9009952,5.035425918,-76.9499343,R0
col,9009865,5.057422006,-77.00963749,R0
col,9009842,5.072866952,-76.913531,R0
col,9009864,5.093788572,-77.02967315,R0
col,9009983,5.016768365,-77.06402668,R0
col,9009668,5.137170046,-76.96763203,R0
col,9009653,5.140000004,-76.99125001,R0
col,9009659,5.142769765,-77.04103648,R0
col,9009641,5.208807702,-76.95590828,R0
col,9010117,4.984248401,-77.24017992,R0
col,9009923,5.025735375,-77.11598447,R0
col,9009090,5.396781797,-76.66650976,R0
col,9009265,5.334997374,-76.23043752,R0
col,9009302,5.283834832,-76.31683484,R0
col,9009390,5.268658338,-76.26052768,R0
col,9009408,5.256296907,-76.29340268,R0
col,9009345,5.294269641,-76.45319931,R0
col,9009361,5.261550576,-76.54973109,R0
col,9009091,5.393907645,-76.58617707,R0
col,9009135,5.360018724,-76.58871577,R0
col,9009049,5.428559014,-76.43488687,R0
col,9009025,5.412084269,-76.72602846,R0
col,9009026,5.401034786,-76.73462971,R0
col,9009286,5.342267568,-76.73040083,R0
col,9009417,5.255583345,-76.71764245,R0
col,9011813,4.306327598,-70.4527202,R0
col,9011304,4.453949052,-71.06219069,R0
col,9011347,4.487185193,-70.91186888,R0
col,9011364,4.436574587,-70.90573175,R0
col,9011409,4.41963863,-71.06394142,R0
col,9011444,4.395208337,-70.64187501,R0
col,9011451,4.418108137,-70.70951335,R0
col,9011569,4.368521431,-70.60748674,R0
col,9011628,4.332249468,-70.60977242,R0
col,9012149,4.150773026,-70.48169302,R0
col,9011989,4.191757995,-70.41338807,R0
col,9012144,4.156522593,-70.36835673,R0
col,9011935,4.224900337,-70.36416213,R0
col,9012065,4.173671706,-70.72328582,R0
col,9012066,4.176229057,-70.65123963,R0
col,9012005,4.184961286,-70.54389753,R0
col,9011945,4.259148069,-70.7241965,R0
col,9012090,4.157530637,-70.85376163,R0
col,9011959,4.235866456,-70.90329638,R0
col,9011727,4.298844178,-71.02473859,R0
col,9009080,5.400077614,-68.30550941,R0
col,9008973,5.431482619,-68.21736,R0
col,9009070,5.449389587,-68.70672921,R0
col,9008843,5.494466257,-68.53277039,R0
col,9008751,5.535460231,-68.43647408,R0
col,9008803,5.536721703,-68.50938027,R0
col,9011221,4.500772283,-69.62556102,R0
col,9011213,4.529029156,-69.62551411,R0
col,9010403,4.830885265,-69.22572914,R0
col,9010260,4.881468008,-69.26080143,R0
col,9010252,4.883805098,-69.4077108,R0
col,9010253,4.885684316,-69.35477162,R0
col,9010261,4.887127179,-69.20683825,R0
col,9010031,5.009468826,-69.08132997,R0
col,9009883,5.047955956,-69.03757199,R0
col,9009898,5.066021444,-69.18512756,R0
col,9009817,5.095629494,-69.01798061,R0
col,9010689,4.697291671,-69.18875001,R0
col,9010707,4.707651783,-69.0951527,R0
col,9010518,4.758225745,-69.04143295,R0
col,9010499,4.767118363,-69.06687959,R0
col,9010512,4.783059037,-68.97788299,R0
col,9010500,4.810447156,-69.11816526,R0
col,9010307,4.860625945,-69.19297344,R0
col,9010850,4.651544694,-69.46087048,R0
col,9010832,4.664730042,-69.30134023,R0
col,9010719,4.689572041,-69.37321667,R0
col,9010720,4.692202985,-69.32963443,R0
col,9010700,4.698410425,-69.24139966,R0
col,9010703,4.709945612,-69.43035456,R0
col,9010893,4.649668135,-69.38133766,R0
col,9010222,4.905077438,-69.31370272,R0
col,9009478,5.236283769,-67.90968939,R0
col,9009463,5.241997805,-67.84616694,R0
col,9009756,5.106064175,-67.88122305,R0
col,9009483,5.2101011249999996,-68.00061383,R0
col,9009596,5.18060529,-67.97823019,R0
col,9010400,4.812093831,-68.93680052,R0
col,9010385,4.837945093,-68.88922397,R0
col,9010310,4.876037255,-68.74864922,R0
col,9010284,4.8859368,-68.87902997,R0
col,9010285,4.889038779,-68.79659796,R0
col,9010190,4.935955302,-68.70200074,R0
col,9010103,4.972455739,-68.58163597,R0
col,9010164,4.96465894,-68.47753286,R0
col,9009441,5.287882892,-68.75860043,R0
col,9009399,5.240932461,-68.27722492,R0
col,9009462,5.222805447,-68.23353326,R0
col,9009448,5.251619489,-68.12369337,R0
col,9009663,5.140347269,-68.12192052,R0
col,9009673,5.13213549,-68.11425618,R0
col,9009770,5.10503002,-68.11108477,R0
col,9009674,5.177490377,-68.06735517,R0
col,9009960,5.07226255,-68.24220079,R0
col,9009251,5.314499119,-68.55144396,R0
col,9009873,5.054660321,-68.48299111,R0
col,9009619,5.197260968,-68.48029447,R0
col,9009398,5.287273431,-68.43322781,R0
col,9009878,5.046516415,-68.51360573,R0
col,9009968,5.023167818,-68.47542781,R0
col,9010022,4.999380886,-68.4978147,R0
col,9010028,5.002932503,-68.42048414,R0
col,9010029,4.994861221,-68.35853194,R0
col,9010088,4.994555165,-68.77779916,R0
col,9009826,5.087267067,-68.91910728,R0
col,9009744,5.102233553,-68.82027202,R0
col,9009760,5.117044981,-68.71469324,R0
col,9009609,5.178248279,-68.65351424,R0
col,9010944,4.607876079,-69.95479015,R0
col,9010820,4.646579525,-69.92724594,R0
col,9010805,4.660567286,-69.85211952,R0
col,9011126,4.576458167,-69.89520416,R0
col,9010775,4.764166653,-69.59392619,R0
col,9010770,4.677179965,-71.04886741,R0
col,9011039,4.571243815,-70.79048505,R0
col,9010809,4.653261315,-70.78101335,R0
col,9010479,4.803279113,-70.70245826,R0
col,9010508,4.766512935,-70.67542995,R0
col,9010585,4.770977777,-70.78180925,R0
col,9010309,4.878934215,-69.93075642,R0
col,9010206,4.93356735,-69.99054322,R0
col,9010509,4.828215531,-69.88353314,R0
col,9010595,4.744931885,-69.94331225,R0
col,9010642,4.749204861,-70.01927005,R0
col,9010804,4.687621443,-70.55819458,R0
col,9010739,4.692152574,-70.13134975,R0
col,9010738,4.69815163,-70.18402772,R0
col,9010220,4.894070404,-70.16464217,R0
col,9010690,4.720992117,-71.01630266,R0
col,9010447,4.806249035,-70.85929655,R0
col,9010743,4.687086113,-71.07267553,R0
col,9010810,4.663719749,-70.23183881,R0
col,9010796,4.663513134,-70.18818557,R0
col,9010742,4.676209124,-70.18390567,R0
col,9010840,4.673903543,-70.0994809,R0
col,9010233,4.907730895,-69.65549984,R0
col,9010453,4.845280632,-69.64278609,R0
col,9010159,4.927625574,-69.55362943,R0
col,9010259,4.878804676,-69.78375616,R0
col,9010963,4.588351141,-70.69827391,R0
col,9010932,4.619823776,-70.66048614,R0
col,9010828,4.640465509,-70.29882348,R0
col,9010954,4.614301079,-70.28057729,R0
col,9010978,4.639685343,-70.51183999,R0
col,9011014,4.573017187,-70.29404128,R0
col,9011065,4.568609513,-70.3789902,R0
col,9012195,4.113627379,-69.85993116,R0
col,9012082,4.165967735,-69.78343982,R0
col,9011732,4.32830175,-69.89828478,R0
col,9011597,4.355146787,-69.97036372,R0
col,9011523,4.370759576,-69.94894868,R0
col,9011534,4.376744594,-69.8975263,R0
col,9011516,4.386660717,-69.83142847,R0
col,9011498,4.404463312,-69.93186405,R0
col,9011908,4.257792426,-70.12040846,R0
col,9011814,4.299333902,-70.20822393,R0
col,9011664,4.332790677,-70.03525324,R0
col,9011547,4.359555942,-69.98243387,R0
col,9011546,4.423176146,-70.08003862,R0
col,9011318,4.482914608,-70.34655254,R0
col,9011417,4.413551094,-70.28422328,R0
col,9011609,4.340158635,-69.37575344,R0
col,9011560,4.38008566,-69.35094633,R0
col,9011465,4.409900087,-69.31457576,R0
col,9011433,4.429089427,-69.29107697,R0
col,9011385,4.437489109,-69.35834772,R0
col,9012063,4.171221264,-69.57031654,R0
col,9012020,4.174106702,-69.5945963,R0
col,9011954,4.271449843,-69.46696524,R0
col,9011656,4.354611357,-69.47603807,R0
col,9011359,4.459541795,-69.45284483,R0
col,9011298,4.462015872,-69.63032532,R0
col,9011284,4.470029412,-69.56683701,R0
col,9012084,4.155288506,-69.68280716,R0
col,9012011,4.181316622,-69.63790326,R0
col,9011946,4.200259339,-69.70182743,R0
col,9011947,4.212824695,-69.66675603,R0
col,9011874,4.227391833,-69.69017193,R0
col,9011873,4.229436375,-69.71337714,R0
col,9011595,4.367599426,-69.75419088,R0
col,9011441,4.428923213,-69.71951204,R0
col,9011340,4.438773456,-69.66709508,R0
col,9012242,4.106200309,-70.7162934,R0
col,9012412,4.033927186,-70.83242969,R0
col,9012251,4.098306277,-70.9328834,R0
col,9012792,3.920495837,-70.98944482,R0
col,9012430,4.004151074,-70.95942086,R0
col,9012399,4.009791671,-71.02270834,R0
col,9012387,4.017168036,-71.06717434,R0
col,9011633,4.355386063,-69.20121817,R0
col,9011641,4.317747173,-69.12947355,R0
col,9011634,4.372242982,-69.02200913,R0
col,9011370,4.428390181,-68.90888176,R0
col,9011195,4.502840862,-69.09507467,R0
col,9011352,4.53203713,-68.86539239,R0
col,9011679,4.345427814,-69.3054427,R0
col,9011466,4.391612705,-69.29017163,R0
col,9011076,4.602240708,-69.0998713,R0
col,9010422,4.825174903,-67.98491357,R0
col,9010364,4.832581595,-68.11655741,R0
col,9010349,4.847449535,-68.15227858,R0
col,9010339,4.848065079,-68.06373569,R0
col,9010321,4.860644984,-68.00615701,R0
col,9010299,4.877357812,-68.03990312,R0
col,9010156,4.927752294,-68.01578283,R0
col,9010328,4.879701467,-67.94447567,R0
col,9010148,4.934439018,-67.87845576,R0
col,9010124,4.959218759,-67.86087639,R0
col,9010135,4.949124416,-67.96386055,R0
col,9010147,4.936514823,-67.93833815,R0
col,9010451,4.789545839,-67.9763416,R0
col,9010125,4.946666671,-67.83833334,R0
col,9010710,4.737153816,-68.01069933,R0
col,9010439,4.813048282,-68.40468635,R0
col,9010347,4.838825064,-68.38043395,R0
col,9010348,4.860992276,-68.3035683,R0
col,9010315,4.851129184,-68.21201493,R0
col,9010298,4.869758407,-68.21148169,R0
col,9010305,4.854146573,-68.21077018,R0
col,9010360,4.838917683,-68.22851266,R0
col,9010457,4.8134395,-68.22398098,R0
col,9010613,4.724583337,-68.57875001,R0
col,9010607,4.769918894,-68.57317218,R0
col,9010681,4.728594298,-68.55360182,R0
col,9010902,4.680497923,-68.50910565,R0
col,9010513,4.785516953,-68.48780648,R0
col,9010577,4.761366841,-68.43090645,R0
col,9010883,4.623343195,-68.82556751,R0
col,9010871,4.648350939,-68.86610613,R0
col,9010858,4.655610183,-68.75143269,R0
col,9010760,4.694018877,-68.64342946,R0
col,9010658,4.72651294,-68.6738032,R0
col,9011077,4.578737519,-68.9320775,R0
col,9010935,4.631999547,-68.6845332,R0
col,9011094,4.546583755,-68.10751572,R0
col,9011211,4.506932706,-68.10652024,R0
col,9011095,4.548088477,-68.02555511,R0
col,9011222,4.508894985,-67.99598825,R0
col,9011087,4.546222458,-67.91418596,R0
col,9011353,4.484768286,-67.89292458,R0
col,9011091,4.538116788,-67.85604989,R0
col,9011671,4.377584769,-68.00479607,R0
col,9011684,4.367133004,-67.93307784,R0
col,9011630,4.346325891,-67.77289768,R0
col,9011665,4.35173806,-67.84569062,R0
col,9011341,4.488777514,-67.81763581,R0
col,9012224,4.084416648,-67.97271838,R0
col,9012247,4.092856861,-67.87578561,R0
col,9012212,4.113218734,-67.95462897,R0
col,9012083,4.147865916,-67.84299725,R0
col,9012067,4.174831499,-67.79326829,R0
col,9011396,4.452475637,-68.19408673,R0
col,9011225,4.485659462,-68.16787104,R0
col,9011598,4.398709672,-68.15145904,R0
col,9011226,4.483317142,-68.14339812,R0
col,9011862,4.271398817,-68.19907246,R0
col,9012112,4.193376881,-68.15581655,R0
col,9012130,4.143027622,-69.20633934,R0
col,9012133,4.127916671,-69.17958334,R0
col,9012171,4.118239673,-69.18465185,R0
col,9011635,4.327907944,-68.38917369,R0
col,9011585,4.341440005,-68.37521594,R0
col,9011586,4.376379867,-68.29954234,R0
col,9011395,4.436941117,-68.27833247,R0
col,9011887,4.225020186,-68.36114931,R0
col,9011629,4.348903882,-68.43343579,R0
col,9011717,4.298961898,-68.43818523,R0
col,9012145,4.162755586,-68.40803168,R0
col,9011277,4.483065658,-68.627743,R0
col,9011250,4.502433249,-68.47607509,R0
col,9011104,4.541069053,-68.43876951,R0
col,9011109,4.548404976,-68.38027335,R0
col,9011335,4.454312347,-68.51208019,R0
col,9011910,4.24119555,-68.58277496,R0
col,9011714,4.333417567,-68.55077634,R0
col,9012021,4.211358018,-68.53990374,R0
col,9011780,4.278179273,-68.53409826,R0
col,9011796,4.260405611,-68.50514305,R0
col,9011751,4.279398959,-68.48507929,R0
col,9012085,4.182970205,-68.84657301,R0
col,9011736,4.302784945,-68.76666347,R0
col,9011805,4.262159635,-68.72460167,R0
col,9011909,4.25071081,-68.66944288,R0
col,9011938,4.203186231,-68.64690179,R0
col,9012088,4.18961463,-68.71698637,R0
col,9012415,4.081068275,-68.73824016,R0
col,9012521,3.982393551,-69.07655479,R0
col,9012475,3.991014091,-68.88852168,R0
col,9012404,4.015504978,-68.85235817,R0
col,9012431,4.027651389,-68.9638178,R0
col,9012156,4.128906046,-68.97089848,R0
col,9011880,4.232539237,-68.92098188,R0
col,9011886,4.241688189,-69.02552173,R0
col,9012162,4.130564574,-69.31744964,R0
col,9011044,4.682587804,-67.83677754,R0
col,9010382,4.844583337,-67.82708334,R0
col,9010740,4.737314437,-67.861215,R0
col,9011007,4.593215638,-68.15073803,R0
col,9010782,4.671309254,-68.05482536,R0
col,9010709,4.701203089,-68.10992035,R0
col,9010994,4.595276727,-68.34552551,R0
col,9011020,4.566942751,-68.23257265,R0
col,9012590,3.964083309,-69.85549438,R0
col,9012422,3.999247292,-69.94281179,R0
col,9012423,4.034763408,-69.92443064,R0
col,9012591,3.954878743,-69.78126902,R0
col,9012500,3.990572827,-69.99621695,R0
col,9012413,4.038883896,-70.01118581,R0
col,9012295,4.05484631,-70.14900345,R0
col,9012277,4.061029175,-70.23337872,R0
col,9012246,4.069140104,-70.21560285,R0
col,9012249,4.08135308,-70.1021393,R0
col,9013169,3.760203801,-69.54675721,R0
col,9013028,3.77693918,-69.46187773,R0
col,9012624,3.938540188,-68.52586206,R0
col,9012617,3.954210739,-68.41725182,R0
col,9012491,4.002781871,-68.49036551,R0
col,9012567,3.953154906,-68.62428812,R0
col,9012569,3.987612204,-68.57588282,R0
col,9012573,3.950503648,-68.69513702,R0
col,9012756,3.895300574,-68.81840966,R0
col,9012793,3.887679123,-68.73101739,R0
col,9012859,3.854469839,-68.99688319,R0
col,9012809,3.885446377,-69.26284079,R0
col,9012554,3.954001333,-69.33843788,R0
col,9012555,4.014909104,-69.3517016,R0
col,9013006,3.814391225,-69.2936736,R0
col,9012670,3.954644166,-69.59323402,R0
col,9012671,3.961270846,-69.52111925,R0
col,9012761,3.885016869,-69.42489047,R0
col,9012782,3.865485182,-69.46923503,R0
col,9012919,3.831331042,-69.40190744,R0
col,9012890,3.841103749,-69.70678029,R0
col,9012867,3.881913174,-69.69637355,R0
col,9013666,3.536602188,-69.96306233,R0
col,9013284,3.682355622,-69.76032565,R0
col,9013026,3.789479406,-70.02454563,R0
col,9012985,3.807742113,-70.19011007,R0
col,9012863,3.867486412,-70.10407531,R0
col,9012675,3.913676543,-70.25960423,R0
col,9012654,3.922401989,-70.14696136,R0
col,9013027,3.791574563,-69.94356683,R0
col,9013410,3.650419247,-70.14168389,R0
col,9013438,3.615753148,-70.22581446,R0
col,9013477,3.598386662,-69.98881265,R0
col,9013478,3.668025451,-69.89308605,R0
col,9013394,3.685550487,-70.37478786,R0
col,9012548,3.986752989,-70.46449718,R0
col,9012549,3.972295057,-70.37665933,R0
col,9013113,3.74703473,-70.51998873,R0
col,9013048,3.786742908,-70.47577404,R0
col,9012900,3.818459289,-70.56114968,R0
col,9012888,3.829822966,-70.51431983,R0
col,9013001,3.807569208,-70.69986667,R0
col,9012818,3.882057976,-70.63772656,R0
col,9012745,3.89170221,-70.73675584,R0
col,9012763,3.912444021,-70.80518844,R0
col,9013220,3.708712212,-69.62014885,R0
col,9013178,3.734768589,-69.69414383,R0
col,9013460,3.639580875,-70.39200771,R0
col,9013461,3.597142506,-70.34632912,R0
col,9013815,3.464916984,-70.56902606,R0
col,9014011,3.404746974,-70.56534342,R0
col,9013608,3.558552974,-70.56105043,R0
col,9013914,3.442602662,-70.52961883,R0
col,9013753,3.506137718,-70.49308651,R0
col,9013624,3.534374341,-70.47659745,R0
col,9013739,3.51278492,-70.43697867,R0
col,9013609,3.558496559,-70.42646799,R0
col,9014028,3.407036421,-70.89957457,R0
col,9013943,3.417343628,-70.93538848,R0
col,9013927,3.421067917,-70.95251896,R0
col,9013907,3.428718531,-70.91839179,R0
col,9014002,3.424627695,-70.69716905,R0
col,9014094,3.3871866,-70.63583024,R0
col,9013327,3.693059901,-71.06138901,R0
col,9013351,3.639532539,-70.92866894,R0
col,9013352,3.673838791,-70.9077437,R0
col,9013433,3.615582016,-71.0503337,R0
col,9013694,3.521009094,-70.94749584,R0
col,9013821,3.462157753,-70.7029749,R0
col,9013788,3.474802877,-70.65396758,R0
col,9013757,3.503549327,-70.75328519,R0
col,9013472,3.591187189,-70.65355648,R0
col,9013500,3.599080979,-70.78015824,R0
col,9013443,3.61149477,-70.64726403,R0
col,9013446,3.645373243,-70.69302354,R0
col,9013873,3.47101411,-70.86518511,R0
col,9014976,3.030917131,-70.59362193,R0
col,9015014,3.042400922,-70.48289467,R0
col,9014933,3.044795947,-70.60266354,R0
col,9014934,3.06097975,-70.55545681,R0
col,9014851,3.077395051,-70.50582602,R0
col,9014838,3.094766746,-70.39817805,R0
col,9014411,3.22930479,-70.6927387,R0
col,9014641,3.183195558,-70.62679713,R0
col,9014687,3.13120178,-70.63067932,R0
col,9014837,3.111134077,-70.5336708,R0
col,9014459,3.204341553,-70.79770494,R0
col,9014435,3.207291671,-70.90020834,R0
col,9014431,3.224873468,-70.95663825,R0
col,9014375,3.241270852,-71.0320714,R0
col,9014357,3.341580235,-71.0713884,R0
col,9014364,3.279058718,-71.06396272,R0
col,9013904,3.477234026,-69.88125342,R0
col,9013565,3.565514693,-69.84739431,R0
col,9013755,3.500433474,-69.84647929,R0
col,9013676,3.556606971,-69.74113281,R0
col,9014805,3.095587896,-70.29052801,R0
col,9014737,3.1481372,-70.26104061,R0
col,9014505,3.188172745,-70.28574753,R0
col,9014461,3.248616554,-70.38632313,R0
col,9014348,3.275528862,-70.26812451,R0
col,9014489,3.188053454,-70.2362736,R0
col,9014529,3.18592522,-70.20757794,R0
col,9014517,3.21150729,-70.15279609,R0
col,9014047,3.375484037,-69.99692192,R0
col,9014022,3.405139492,-69.99093331,R0
col,9013857,3.452054153,-70.23284992,R0
col,9014222,3.32254506,-70.18307763,R0
col,9013831,3.465215667,-70.17240859,R0
col,9014349,3.296174597,-70.1397417,R0
col,9013947,3.439374926,-70.09112939,R0
col,9014221,3.31478835,-70.23730026,R0
col,9012979,3.783721766,-68.77039263,R0
col,9012995,3.777727099,-68.73643262,R0
col,9013007,3.785362583,-68.62355201,R0
col,9013201,3.749690679,-69.0012722,R0
col,9013336,3.662721645,-69.0535433,R0
col,9013348,3.670578446,-69.19207555,R0
col,9013259,3.695352413,-69.13773026,R0
col,9013320,3.696727707,-69.27402584,R0
col,9013140,3.730809986,-69.24842118,R0
col,9013519,3.620904772,-69.59190363,R0
col,9013328,3.683321961,-69.35965431,R0
col,9013254,3.713033364,-68.86723094,R0
col,9012633,3.916884558,-67.88212263,R0
col,9012513,3.972415227,-67.94905682,R0
col,9012514,3.976118772,-68.21027212,R0
col,9012435,4.025429244,-68.19551573,R0
col,9012489,3.982641116,-68.29386623,R0
col,9012563,3.971789712,-68.10565003,R0
col,9012482,4.01988077,-68.34920732,R0
col,9012400,4.043854234,-68.05665361,R0
col,9012512,3.983484441,-68.00539454,R0
col,9012975,3.794989594,-68.53190001,R0
col,9012882,3.843364195,-68.55698528,R0
col,9015157,2.946918649,-70.96350808,R0
col,9015138,2.961653309,-70.94396591,R0
col,9015275,2.972214387,-70.80087857,R0
col,9015093,3.001962663,-70.95245336,R0
col,9015092,3.028463255,-71.03915476,R0
col,9014954,3.038848664,-70.95571651,R0
col,9014958,3.042496506,-70.93378391,R0
col,9015285,2.916389663,-70.85632329,R0
col,9015290,2.88593998,-70.77806765,R0
col,9015291,2.896240508,-70.75499397,R0
col,9015372,2.868999303,-70.71278884,R0
col,9015374,2.871931629,-70.36972224,R0
col,9015414,2.85866127,-70.57785011,R0
col,9015566,2.811179057,-70.5370456,R0
col,9015538,2.821667231,-70.615723,R0
col,9015450,2.852231505,-70.44885747,R0
col,9015726,2.768933289,-70.71184482,R0
col,9015365,2.879945713,-70.64931822,R0
col,9015586,2.817577798,-70.64792398,R0
col,9015533,2.834244979,-70.98036209,R0
col,9008915,5.469830044,-77.38852244,R0
col,9009127,5.376971386,-77.3407858,R0
col,9009796,5.083795342,-77.32678218,R0
col,9009741,5.155538115,-77.2347342,R0
col,9009499,5.22789101,-77.32371528,R0
col,9009273,5.289942462,-77.00794339,R0
col,9009288,5.293659721,-76.93250924,R0
col,9009264,5.312996191,-77.01856766,R0
col,9009178,5.376004889,-77.07669624,R0
col,9009301,5.308100323,-77.07356972,R0
col,9010034,4.991685769,-77.08618848,R0
col,9009982,5.010875251,-77.11217723,R0
col,9010558,4.817951671,-77.05396488,R0
col,9010579,4.753345804,-77.04871577,R0
col,9010436,4.79913367,-77.30132177,R0
col,9010219,4.903737491,-77.29628155,R0
col,9010625,4.718750004,-77.26958334,R0
col,9010626,4.733205383,-77.22851888,R0
col,9010755,4.700464104,-77.18548124,R0
col,9010959,4.609102426,-77.24341826,R0
col,9010419,4.807166787,-77.28160168,R0
col,9010459,4.798136089,-77.22817995,R0
col,9009418,5.327068182,-75.85958477,R0
col,9009128,5.417786127,-76.07480863,R0
col,9009149,5.37163871,-76.01318868,R0
col,9008073,5.838180074,-77.25369847,R0
col,9008032,5.845893641,-77.27057589,R0
col,9008495,5.644583214,-77.29448668,R0
col,9008505,5.666215796,-77.24333402,R0
col,9008273,5.735704205,-76.20790432,R0
col,9008224,5.821153156,-76.2155676,R0
col,9007956,5.8750615,-76.14638449,R0
col,9007990,5.878031117,-76.1159151,R0
col,9008285,5.745690542,-76.35881769,R0
col,9008329,5.724212524,-76.31646104,R0
col,9008305,5.754822547,-77.12886606,R0
col,9008210,5.845460587,-77.09425441,R0
col,9007875,5.922753809,-77.19603988,R0
col,9007865,5.932752493,-77.16223796,R0
col,9008839,5.552556614,-76.98688712,R0
col,9008594,5.591412468,-77.07212791,R0
col,9008559,5.687052022,-77.01876659,R0
col,9009274,5.30551459,-76.97425468,R0
col,9009228,5.35413221,-76.94005396,R0
col,9009044,5.399115525,-76.98243389,R0
col,9008857,5.487752328,-77.03259591,R0
col,9009041,5.421393584,-77.16127083,R0
col,9009045,5.439439447,-76.97608099,R0
col,9009072,5.388768938,-77.15588681,R0
col,9007822,5.947453927,-75.49867289,R0
col,9008555,5.641110029,-68.16913205,R0
col,9008089,5.837456446,-67.91792778,R0
col,9008632,5.584124666,-68.04706001,R0
col,9007671,6.021626719,-67.70935302,R0
col,9007794,5.982897314,-67.70148458,R0
col,9007504,6.102971306,-67.50450397,R0
col,9007559,6.086621987,-67.54078653,R0
col,9007658,6.084313319,-67.62081868,R0
col,9007841,5.941962346,-67.49179125,R0
col,9007791,5.9562225,-67.49124913,R0
col,9007787,5.970954355,-67.45894674,R0
col,9007743,5.996277845,-67.42773981,R0
col,9007700,6.007064223,-67.41126912,R0
col,9008155,5.794974793,-67.61695099,R0
col,9008122,5.808125004,-67.61479168,R0
col,9008123,5.829473003,-67.59716215,R0
col,9008008,5.85867083,-67.57272554,R0
col,9007970,5.894812617,-67.58179826,R0
col,9007986,5.879674091,-67.87794255,R0
col,9008215,5.811695761,-67.76633135,R0
col,9008538,5.625423489,-67.63065228,R0
col,9008211,5.769281724,-67.64209494,R0
col,9008858,5.54253931,-67.61975804,R0
col,9008867,5.478333337,-67.63333334,R0
col,9009047,5.42862089,-67.73706692,R0
col,9009052,5.431125581,-67.68705281,R0
col,9008610,5.59656857,-67.81493826,R0
col,9008339,5.727257061,-67.86295146,R0
col,9009147,5.371022723,-67.77590446,R0
col,9007288,6.221838438,-68.11024837,R0
col,9007289,6.222695076,-68.0797563,R0
col,9007286,6.263087097,-67.89752873,R0
col,9007109,6.306443833,-67.83146435,R0
col,9007135,6.298602908,-67.79979917,R0
col,9007136,6.295914431,-67.72896275,R0
col,9007189,6.281535986,-67.61470445,R0
col,9007686,6.077040521,-68.2647953,R0
col,9007389,6.192312445,-68.24055693,R0
col,9007411,6.168496102,-68.51486007,R0
col,9007683,6.02272053,-68.50253173,R0
col,9007417,6.164571927,-68.46340375,R0
col,9007694,6.017327681,-68.42994946,R0
col,9007704,6.0000368,-68.42986527,R0
col,9007814,5.962837925,-68.49394443,R0
col,9007578,6.076652363,-68.75167013,R0
col,9007529,6.115278528,-68.72519655,R0
col,9007438,6.149979177,-68.60934355,R0
col,9007409,6.158971376,-68.57191487,R0
col,9007672,6.050866566,-68.7914102,R0
col,9008939,5.448969922,-68.22787501,R0
col,9008957,5.4724453,-68.30486408,R0
col,9009088,5.378850937,-68.0338828,R0
col,9009106,5.406344205,-68.12651148,R0
col,9009241,5.343810593,-67.95764795,R0
col,9009146,5.363185337,-67.84810456,R0
col,9009087,5.386344481,-67.89793708,R0
col,9008685,5.550143809,-68.3905416,R0
col,9008625,5.570490051,-68.73984816,R0
col,9008600,5.580432008,-68.79966683,R0
col,9008615,5.583642509,-68.69547437,R0
col,9008639,5.569377247,-68.58038866,R0
col,9008201,5.770816733,-68.2795508,R0
col,9008214,5.777121267,-68.35542606,R0
col,9008161,5.810581179,-68.23610083,R0
col,9008069,5.833574416,-68.17761163,R0
col,9008054,5.892122049,-68.15394959,R0
col,9007991,5.907080437,-68.26398917,R0
col,9007756,5.986057913,-68.06458495,R0
col,9007712,6.010299857,-68.05315185,R0
col,9007662,6.027016869,-68.0486941,R0
col,9007663,6.042526838,-67.99445985,R0
col,9007742,6.016229974,-67.95774546,R0
col,9007790,5.976873512,-68.12573739,R0
col,9007606,6.130853545,-67.87580531,R0
col,9007619,6.092320858,-67.81762636,R0
col,9007447,6.153774181,-67.76919068,R0
col,9007496,6.128461105,-67.71571827,R0
col,9007406,6.176129086,-67.61227052,R0
col,9008351,5.703629923,-68.54917199,R0
col,9008338,5.714808493,-68.6087509,R0
col,9008312,5.720114281,-68.54405445,R0
col,9008279,5.740594363,-68.44843484,R0
col,9008267,5.742743925,-68.4870574,R0
col,9008262,5.759416271,-68.57753133,R0
col,9008149,5.794327067,-68.63516321,R0
col,9008117,5.832501033,-68.79278596,R0
col,9008137,5.846086668,-68.68175853,R0
col,9008002,5.869697871,-68.80307664,R0
col,9007410,6.199862698,-76.83157122,R0
col,9007152,6.288270177,-76.78163623,R0
col,9007138,6.328005529,-76.78424776,R0
col,9008358,5.705532719,-76.73348831,R0
col,9008283,5.770610833,-76.67899296,R0
col,9008080,5.8268718,-76.71719565,R0
col,9008321,5.795213287,-76.87041347,R0
col,9008370,5.70113599,-76.83643499,R0
col,9008007,5.877839831,-76.71403446,R0
col,9008058,5.842517032,-76.71153519,R0
col,9007294,6.224226815,-76.97042136,R0
col,9007385,6.189654788,-76.95817942,R0
col,9007768,5.986446086,-76.32869096,R0
col,9007695,6.01781298,-76.39529416,R0
col,9007665,6.037210916,-76.35286851,R0
col,9007634,6.08208593,-76.32742041,R0
col,9007989,5.879995042,-76.38925643,R0
col,9008159,5.79798236,-76.60994804,R0
col,9008125,5.812043382,-76.67163656,R0
col,9008090,5.823328467,-76.7072201,R0
col,9008256,5.755146828,-76.54092318,R0
col,9008160,5.794659869,-76.48151859,R0
col,9008156,5.797639774,-76.55256441,R0
col,9008116,5.815427127,-76.52732009,R0
col,9007886,5.926870887,-76.42660899,R0
col,9008110,5.865161396,-76.54896562,R0
col,9008336,5.712969194,-76.67872825,R0
col,9008474,5.658170818,-76.66876999,R0
col,9008368,5.695284961,-76.6638487,R0
col,9008452,5.671736604,-76.64451549,R0
col,9006831,6.467318108,-75.744727,R0
col,9007004,6.394784395,-75.35118276,R0
col,9006988,6.396424984,-75.08041021,R0
col,9007279,6.230682317,-76.40749446,R0
col,9007246,6.284365419,-76.47195524,R0
col,9007458,6.182201423,-76.14664929,R0
col,9007391,6.20122922,-76.09995979,R0
col,9007221,6.255758835,-76.13267987,R0
col,9007206,6.262199326,-76.12310475,R0
col,9007202,6.298910361,-76.13738658,R0
col,9007047,6.337809285,-76.11469021,R0
col,9007037,6.361331723,-76.22525891,R0
col,9007046,6.36471631,-76.18867279,R0
col,9006966,6.38669906,-76.24568298,R0
col,9007026,6.396541502,-76.33568033,R0
col,9006947,6.421158694,-76.29437562,R0
col,9006948,6.445400713,-76.20716332,R0
col,9006794,6.501104406,-76.31843164,R0
col,9006830,6.515543161,-76.36875806,R0
col,9006697,6.568823481,-76.36403876,R0
col,9006609,6.584402571,-76.40397025,R0
col,9006904,6.440412026,-76.46167873,R0
col,9006757,6.536403757,-76.44162798,R0
col,9007258,6.260056989,-71.06558255,R0
col,9006745,6.502436332,-70.77009934,R0
col,9006739,6.519650026,-70.82227871,R0
col,9006787,6.526682443,-70.68278807,R0
col,9006746,6.497231716,-70.74435018,R0
col,9006788,6.488573055,-70.7047656,R0
col,9006806,6.488412711,-70.98951816,R0
col,9007015,6.424741192,-70.96515998,R0
col,9006699,6.548789555,-70.90254058,R0
col,9006949,6.428329225,-71.19397737,R0
col,9006852,6.461762834,-71.25831539,R0
col,9007101,6.372567425,-70.77697848,R0
col,9006721,6.546942342,-75.84064091,R0
col,9006635,6.56794338,-75.89299629,R0
col,9006698,6.592040339,-75.80609414,R0
col,9006636,6.617928574,-75.89994532,R0
col,9006940,6.407401108,-75.91208394,R0
col,9006926,6.437619086,-75.82217691,R0
col,9006782,6.496845392,-75.82090242,R0
col,9006723,6.514037204,-75.81115594,R0
col,9006446,6.698666764,-75.60539609,R0
col,9006486,6.680898524,-75.80551575,R0
col,9006485,6.719906048,-75.84909087,R0
col,9006385,6.756833263,-77.43206746,R0
col,9007497,6.110565071,-77.40835299,R0
col,9007468,6.118136442,-77.37429772,R0
col,9007511,6.103335828,-77.37349234,R0
col,9007450,6.130865581,-77.35537937,R0
col,9007463,6.143437969,-77.31619216,R0
col,9006236,6.795315505,-76.96549726,R0
col,9006454,6.674356323,-76.90107602,R0
col,9006607,6.58777998,-76.89699667,R0
col,9006591,6.629891806,-76.88803427,R0
col,9006478,6.658640154,-76.92004113,R0
col,9006477,6.664179619,-76.93705208,R0
col,9006227,6.809094485,-76.91091942,R0
col,9006880,6.433528348,-76.72584937,R0
col,9006971,6.390775787,-76.71361575,R0
col,9006976,6.395304544,-76.64707702,R0
col,9007082,6.345295018,-76.6443356,R0
col,9006944,6.404796295,-76.78160737,R0
col,9007014,6.376101962,-76.77500813,R0
col,9007254,6.262941439,-76.75203956,R0
col,9007080,6.337554115,-76.7593941,R0
col,9007443,6.172515773,-76.70930611,R0
col,9007347,6.21200843,-76.58296008,R0
col,9007278,6.223857757,-76.72351544,R0
col,9006651,6.589484077,-76.80343633,R0
col,9006621,6.590764044,-76.72849603,R0
col,9006634,6.593669618,-76.64125365,R0
col,9006644,6.703053501,-75.14432734,R0
col,9006172,6.818870668,-76.94367947,R0
col,9006517,6.641497933,-77.25720718,R0
col,9006489,6.656098325,-77.26471364,R0
col,9006522,6.659027818,-77.09202928,R0
col,9006593,6.616208252,-76.96918786,R0
col,9006361,6.781253938,-77.04799648,R0
col,9006264,6.776087377,-76.96785755,R0
col,9006445,6.717249242,-76.95308696,R0
col,9006360,6.741273621,-77.13393121,R0
col,9006406,6.708046004,-77.1804736,R0
col,9007291,6.225114874,-77.12873685,R0
col,9007277,6.265276574,-77.07250804,R0
col,9007122,6.309710448,-77.14461054,R0
col,9007078,6.327409253,-77.09083306,R0
col,9007077,6.33300486,-77.14965228,R0
col,9007062,6.337240885,-77.19340641,R0
col,9007023,6.374579348,-77.19025538,R0
col,9006903,6.428207566,-77.05142164,R0
col,9006748,6.506663965,-77.10030583,R0
col,9006703,6.570568224,-77.12972658,R0
col,9006712,6.529069421,-77.00569061,R0
col,9006854,6.48104627,-76.97249309,R0
col,9006664,6.570161332,-76.94095863,R0
col,9007068,6.377130316,-77.02637557,R0
col,9007522,6.139434952,-77.13449952,R0
col,9006925,6.399792299,-76.85732469,R0
col,9006987,6.385799065,-76.85531809,R0
col,9006930,6.404007663,-76.82172453,R0
col,9006855,6.488347952,-76.80168753,R0
col,9006885,6.424693525,-76.77618961,R0
col,9006627,6.572330844,-76.89790624,R0
col,9006648,6.56743919,-76.87385549,R0
col,9007012,6.366793644,-76.86107193,R0
col,9007029,6.354375427,-76.895652,R0
col,9006630,6.636065308,-75.52719137,R0
col,9006447,6.741433378,-75.57004392,R0
col,9006140,6.839209757,-76.12602815,R0
col,9006163,6.830900483,-76.10805517,R0
col,9006164,6.814255357,-76.0768441,R0
col,9006325,6.777033085,-76.05195287,R0
col,9006241,6.838893405,-76.80012,R0
col,9006053,6.878576177,-76.76310204,R0
col,9006049,6.888516873,-76.71851889,R0
col,9006182,6.82368089,-76.70435158,R0
col,9006004,6.964050156,-76.82114413,R0
col,9005886,6.991276934,-76.72777936,R0
col,9005918,6.948476645,-76.61970478,R0
col,9005868,6.967786551,-76.61656669,R0
col,9006271,6.774110678,-76.77063139,R0
col,9006324,6.753173491,-76.75403784,R0
col,9006282,6.766374733,-76.74242699,R0
col,9006333,6.738748631,-76.73355337,R0
col,9006362,6.750448693,-76.79960397,R0
col,9006456,6.702745872,-76.72240742,R0
col,9006155,6.904402843,-71.58292255,R0
col,9006152,6.92554923,-71.63121181,R0
col,9005883,6.982094909,-71.44790443,R0
col,9005767,7.025423959,-71.39079947,R0
col,9005850,6.99389683,-71.29660422,R0
col,9005899,6.965015402,-71.16479243,R0
col,9005975,6.923711869,-71.27694626,R0
col,9005896,6.958770837,-71.24889518,R0
col,9005884,6.959257987,-71.28995282,R0
col,9005735,7.032382983,-71.53245154,R0
col,9005727,7.035187608,-71.68221302,R0
col,9005744,7.030833337,-71.66208334,R0
col,9005755,7.038994231,-71.59944066,R0
col,9005764,7.019646,-71.66403229,R0
col,9005854,6.995423138,-71.64529729,R0
col,9006326,6.764711373,-71.48451011,R0
col,9006655,6.588106819,-70.99934594,R0
col,9006622,6.637505072,-70.93530674,R0
col,9006019,6.909421914,-71.40341552,R0
col,9005958,6.933781539,-71.48224896,R0
col,9006219,6.845973752,-71.39574491,R0
col,9006683,6.553504079,-71.18960471,R0
col,9006480,6.663651503,-71.16561607,R0
col,9006431,6.692662101,-71.16319936,R0
col,9006246,6.836898289,-71.07895187,R0
col,9006078,6.863869365,-71.20009183,R0
col,9006533,6.657800705,-71.23730636,R0
col,9006320,6.766809676,-71.21023934,R0
col,9006263,6.807688119,-71.24555245,R0
col,9006323,6.885135123,-72.00334163,R0
col,9005814,6.996645739,-71.8177664,R0
col,9005785,7.013352034,-71.77195931,R0
col,9005731,7.05874638,-71.75550019,R0
col,9005786,7.028840569,-71.73733084,R0
col,9006124,6.839204443,-71.80472376,R0
col,9006118,6.842871907,-71.81083952,R0
col,9006114,6.853538048,-71.80333536,R0
col,9006117,6.855489245,-71.79097836,R2
col,9006054,6.882928114,-71.80933276,R0
col,9005989,6.957150266,-71.78647732,R0
col,9006147,6.852291603,-71.89992272,R0
col,9006000,6.89898905,-71.88836832,R0
col,9006001,6.900580321,-71.83757211,R0
col,9005771,7.016368087,-71.84960446,R0
col,9005677,7.077368822,-75.7269498,R0
col,9005662,7.068709763,-70.63952775,R0
col,9005659,7.075619448,-70.6456402,R0
col,9005832,7.058837522,-70.84235374,R0
col,9005740,7.066297988,-70.5745989,R0
col,9006284,6.838880184,-70.74530475,R0
col,9005986,6.913241462,-70.58707967,R0
col,9005949,6.923701666,-70.46935677,R0
col,9005972,6.930272336,-70.40488874,R0
col,9005888,6.991366223,-70.67368316,R0
col,9006329,6.759474795,-70.15882288,R0
col,9006128,6.903167847,-70.18401572,R0
col,9005906,6.971134784,-70.2276861,R0
col,9006278,6.771076256,-69.98288388,R0
col,9006239,6.796692915,-70.06976078,R0
col,9006327,6.741982945,-70.29898202,R0
col,9006313,6.751250003,-70.29041668,R0
col,9006297,6.757889627,-70.30207361,R0
col,9006312,6.758610878,-70.36593874,R0
col,9006674,6.570326311,-69.97558264,R0
col,9006675,6.633748833,-69.89396903,R0
col,9006581,6.620347279,-70.20592323,R0
col,9006416,6.723464352,-70.49001168,R0
col,9006616,6.611882461,-70.74271792,R0
col,9006498,6.656719783,-70.76686681,R0
col,9006497,6.66923622,-70.80994729,R0
col,9006396,6.732916965,-70.85483035,R0
col,9006395,6.738872515,-70.93504795,R0
col,9006747,6.57864652,-70.62454646,R0
col,9006192,6.845187685,-76.52767307,R0
col,9005955,6.955116277,-76.23886631,R0
col,9005853,6.994750426,-76.09022763,R0
col,9005809,7.001282714,-76.24069194,R0
col,9005762,7.0262386,-76.23340409,R0
col,9005763,7.027092837,-76.19044467,R0
col,9005713,7.068827876,-76.10377229,R0
col,9005559,7.158230405,-76.42275673,R0
col,9005761,7.037312043,-76.44064911,R0
col,9005673,7.093479373,-76.42133005,R0
col,9005808,7.02512824,-76.34481298,R0
col,9005616,7.114230107,-76.44089726,R0
col,9005801,7.007315541,-76.46632473,R0
col,9005856,6.988705428,-76.44817729,R0
col,9006011,6.919116864,-76.45538771,R0
col,9006057,6.914777892,-76.40400216,R0
col,9006086,6.870006165,-76.47660095,R0
col,9006017,6.904173055,-73.19425805,R0
col,9005680,7.067314108,-73.33651251,R0
col,9005681,7.062291101,-73.14165357,R0
col,9005665,7.116724227,-73.16115749,R0
col,9005513,7.15804947,-73.11919462,R0
col,9005476,7.190553488,-73.15125132,R0
col,9005356,7.261416574,-74.91518314,R0
col,9005466,7.210254618,-74.87515175,R0
col,9005820,7.068731533,-74.89883604,R0
col,9005810,7.151454965,-75.00115167,R0
col,9005640,7.159400717,-74.94968149,R0
col,9006005,6.94762689,-74.87608268,R0
col,9006098,6.925177013,-75.13736071,R0
col,9006034,6.936818064,-75.05015709,R0
col,9005923,6.942444146,-73.96632797,R0
col,9005836,6.987649305,-73.89964518,R0
col,9005895,6.960398035,-73.93053284,R0
col,9005705,7.068999597,-73.89142001,R0
col,9005798,7.020430535,-73.88427025,R0
col,9005716,7.049664808,-73.91822379,R0
col,9005578,7.186771797,-74.01898487,R0
col,9005670,7.086190764,-74.13570955,R0
col,9005618,7.103427181,-74.09312813,R0
col,9005602,7.117290162,-74.07799933,R0
col,9005817,7.043791621,-74.09697265,R0
col,9006306,6.771089058,-74.12789948,R0
col,9006131,6.843067141,-74.10679176,R0
col,9006204,6.820354433,-74.08891561,R0
col,9006127,6.905970534,-74.36565668,R0
col,9005788,7.007465576,-74.23252853,R0
col,9005998,6.951220003,-74.2236418,R0
col,9005789,7.034391716,-74.19778432,R0
col,9006334,6.763361585,-74.28968987,R0
col,9006369,6.724902268,-74.24540778,R0
col,9006373,6.726577827,-74.18043479,R0
col,9006345,6.728125003,-74.28937501,R0
col,9006558,6.64282017,-74.3209951,R0
col,9005709,7.087147735,-77.00291561,R0
col,9005597,7.137792205,-76.9554745,R0
col,9005543,7.155047547,-77.06577958,R0
col,9005751,7.03845403,-77.29214838,R0
col,9005860,7.009587972,-77.25664651,R0
col,9005865,6.96354167,-77.25895834,R0
col,9005994,6.926039922,-77.26180345,R0
col,9005776,7.044384098,-76.93082985,R0
col,9005944,6.932827796,-76.96792676,R0
col,9005927,6.938597885,-76.98332088,R0
col,9005893,6.955506267,-76.96521631,R0
col,9005775,7.01784665,-76.95552889,R0
col,9005770,7.025302248,-77.08375067,R0
col,9005968,6.971511091,-77.05170882,R0
col,9006079,6.881308819,-77.08820239,R0
col,9006115,6.891205634,-77.16642016,R0
col,9006120,6.901922554,-76.92706743,R0
col,9005512,7.157278328,-76.61202438,R0
col,9005639,7.176488687,-76.72249881,R0
col,9005661,7.075885975,-76.76880825,R0
col,9005663,7.10921958,-76.6228202,R0
col,9005710,7.067322322,-76.81293792,R0
col,9005753,7.028974825,-76.84748923,R0
col,9005758,7.049460699,-76.89694616,R0
col,9005866,6.98709976,-76.95568711,R0
col,9005530,7.159656974,-77.01541951,R0
col,9005469,7.183125003,-76.95645834,R0
col,9005470,7.205863639,-76.90456139,R0
col,9005567,7.145994518,-76.93395013,R0
col,9005568,7.141197843,-76.91783243,R0
col,9005607,7.116042338,-76.89765473,R0
col,9005644,7.093856375,-76.93110045,R0
col,9005613,7.103716055,-76.92740324,R0
col,9005606,7.113460511,-76.9236728,R0
col,9005497,7.161211502,-72.48656058,R0
col,9005498,7.185144822,-72.46105325,R0
col,9005343,7.268183115,-72.54745887,R0
col,9005222,7.427720311,-72.74968583,R0
col,9005284,7.336921986,-72.49803352,R0
col,9005299,7.272674535,-72.47349849,R0
col,9005394,7.241779651,-72.45542756,R0
col,9005300,7.299678367,-72.44191284,R0
col,9005580,7.130068648,-72.23663389,R0
col,9005508,7.171214069,-72.26568587,R0
col,9005460,7.190755409,-72.38231944,R0
col,9005455,7.211307323,-72.31941345,R0
col,9005706,7.105265786,-72.14932373,R0
col,9005715,7.041023324,-72.08675495,R0
col,9005403,7.30428547,-77.75586984,R0
col,9005566,7.16675403,-77.76694818,R0
col,9005577,7.127086719,-77.69905465,R0
col,9005593,7.114642474,-77.75693886,R0
col,9005782,7.021386526,-77.65182161,R0
col,9005070,7.427779934,-76.61049726,R0
col,9004967,7.459117701,-76.62982212,R0
col,9005191,7.34377463,-76.53399407,R0
col,9005259,7.305458384,-76.54241892,R0
col,9005202,7.324644485,-76.61775761,R0
col,9005369,7.270340041,-76.4621666,R0
col,9005370,7.2503454,-76.39849959,R0
col,9005251,7.30502781,-76.4774027,R0
col,9005438,7.214165819,-76.43359766,R0
col,9005462,7.183782924,-76.38687576,R0
col,9004527,7.696751152,-72.59377263,R0
col,9004324,7.820015514,-72.68568043,R0
col,9004356,7.802589671,-72.65654046,R0
col,9004578,7.686676522,-73.06460869,R0
col,9004528,7.707742909,-73.07593331,R0
col,9004651,7.652936608,-73.18205536,R0
col,9004420,7.754266756,-76.62910841,R0
col,9004255,7.849482944,-76.76015756,R0
col,9004194,7.873686079,-76.75098766,R0
col,9004423,7.753192859,-76.78507874,R0
col,9004338,7.842079542,-76.80104895,R0
col,9004828,7.550974116,-77.11546736,R0
col,9004742,7.57416582,-77.10395857,R0
col,9004880,7.523748226,-76.90960191,R0
col,9004725,7.615925259,-77.12156845,R0
col,9004538,7.762932657,-77.29125765,R0
col,9004678,7.617882069,-77.3397601,R0
col,9004568,7.680757191,-77.28114237,R0
col,9004669,7.652016565,-77.26200537,R0
col,9004591,7.672937563,-77.23096463,R0
col,9004504,7.706471391,-77.17038383,R0
col,9004617,7.665624035,-77.16940531,R0
col,9004612,7.685556737,-77.13382852,R0
col,9004722,7.59132864,-77.32440005,R0
col,9005034,7.431478081,-77.11011012,R0
col,9005055,7.417264497,-77.10818144,R0
col,9004999,7.480177528,-77.08656706,R0
col,9005453,7.297536336,-77.07438095,R0
col,9005489,7.206205158,-77.19475734,R0
col,9005316,7.268792017,-77.21073145,R0
col,9005317,7.27733195,-77.17542818,R0
col,9005298,7.2792955,-77.16393729,R0
col,9005254,7.364401238,-77.13815475,R0
col,9005119,7.399396049,-77.19094836,R0
col,9005060,7.429106286,-77.27331397,R0
col,9005031,7.437851424,-77.21833199,R0
col,9005014,7.438624648,-77.12733412,R0
col,9005016,7.443684915,-77.15824438,R0
col,9004985,7.452586604,-77.30350132,R0
col,9005529,7.147790771,-77.34112963,R0
col,9005521,7.155660383,-77.30375699,R0
col,9005493,7.177343745,-77.30004196,R0
col,9005519,7.15281946,-77.24514139,R0
col,9005686,7.103377911,-77.23441592,R0
col,9005748,7.07682357,-77.53647378,R0
col,9005827,6.993433099,-77.49866048,R0
col,9005791,7.013386647,-77.49525741,R0
col,9005749,7.084818052,-77.41083386,R0
col,9006106,6.927587006,-77.4842937,R0
col,9005302,7.284434691,-77.5948421,R0
col,9005236,7.374933743,-77.51317,R0
col,9005365,7.308626579,-77.46238403,R0
col,9005042,7.454271183,-77.43875501,R0
col,9005102,7.397752535,-77.40568027,R0
col,9005043,7.436249859,-77.36482436,R0
col,9004971,7.464450437,-77.35372981,R0
col,9004980,7.526459517,-77.6805413,R0
col,9004981,7.45136527,-77.6491061,R0
col,9005234,7.369846045,-77.64360421,R0
col,9004972,7.502219613,-77.20114785,R0
col,9005423,7.270368934,-76.67955335,R0
col,9005352,7.277802332,-76.58814519,R0
col,9005199,7.328367288,-76.66991535,R0
col,9004953,7.491809033,-77.01985985,R0
col,9005190,7.367116201,-76.90704299,R0
col,9004843,7.528961285,-77.06401635,R0
col,9004217,7.873048705,-72.7845568,R0
col,9005125,7.369175149,-75.95608031,R0
col,9004225,7.865903597,-75.84161596,R0
col,9004322,7.903147328,-75.65234839,R0
col,9004107,7.936496951,-75.54502263,R0
col,9003945,8.015654606,-75.66360071,R0
col,9004958,7.563772214,-75.83354768,R0
col,9004506,7.743897016,-75.73309403,R0
col,9004382,7.779056588,-75.76556568,R0
col,9004210,7.887618084,-76.62676295,R0
col,9004101,7.927434551,-76.67766152,R0
col,9004241,7.857150035,-76.725041,R0
col,9004171,7.897548701,-76.74668092,R0
col,9004133,7.908059392,-76.71203244,R0
col,9003949,8.000277465,-74.97676944,R0
col,9003934,8.009335883,-75.04309502,R0
col,9003935,8.013648165,-75.00602499,R0
col,9004063,7.95189735,-75.22229215,R0
col,9004062,7.945554996,-75.24499326,R0
col,9004026,8.003998614,-75.12839479,R0
col,9004473,7.784725066,-74.98519114,R0
col,9004767,7.589381964,-75.00674337,R0
col,9004239,7.863911633,-74.97769448,R0
col,9004493,7.715583027,-74.78928736,R0
col,9003835,8.093385907,-72.89912831,R0
col,9003777,8.134035307,-72.9176626,R0
col,9003657,8.186452204,-72.53886951,R0
col,9003655,8.20654899,-72.53551488,R0
col,9003977,8.001410542,-72.64271508,R0
col,9003745,8.140154683,-76.12780816,R0
col,9003765,8.126041669,-76.13708334,R0
col,9003799,8.10943888,-76.14356557,R0
col,9003859,8.070239029,-76.13819639,R0
col,9004007,8.02650549,-76.19415726,R0
col,9003645,8.226726957,-75.92742833,R0
col,9003729,8.199800368,-75.98174632,R0
col,9003549,8.284501778,-75.97074686,R0
col,9003793,8.203843671,-76.01334091,R0
col,9005237,7.457691448,-76.1708864,R0
col,9005404,7.441368985,-76.091098,R0
col,9005017,7.481524899,-76.33398016,R0
col,9005101,7.403678009,-76.30580959,R0
col,9005088,7.409142281,-76.28121713,R0
col,9004539,7.800573481,-76.02877276,R0
col,9004718,7.635827522,-76.01977027,R0
col,9004405,7.756491241,-76.23724029,R0
col,9004406,7.756904264,-76.22848823,R0
col,9004438,7.744748995,-76.22376674,R0
col,9004472,7.724279977,-76.2181946,R0
col,9004487,7.719782144,-76.19531651,R0
col,9004583,7.685569643,-76.17232931,R0
col,9004495,7.712366968,-76.14915795,R0
col,9004595,7.670499031,-76.10822401,R0
col,9004242,7.848257712,-76.27276643,R0
col,9004249,7.850781751,-76.21642085,R0
col,9004214,7.878242324,-76.29002188,R0
col,9004158,7.900153944,-76.32229535,R0
col,9004118,7.932905917,-76.28349793,R0
col,9004061,7.951636338,-76.23220085,R0
col,9004042,7.960144048,-76.2638461,R0
col,9004032,8.00052717,-76.30549758,R0
col,9003955,8.020157188,-76.34424038,R0
col,9004530,7.756349004,-76.39304066,R0
col,9004344,7.783644786,-76.34337691,R0
col,9004323,7.820858789,-76.3165243,R0
col,9004384,7.80061531,-76.25046042,R0
col,9004653,7.660274149,-76.39774987,R0
col,9004692,7.678813092,-76.27760382,R0
col,9004837,7.604274318,-76.42465397,R0
col,9004861,7.517245004,-76.37657864,R0
col,9004909,7.538979777,-76.25627378,R0
col,9003663,8.195913262,-77.08267416,R0
col,9003689,8.196503012,-76.99496852,R0
col,9004176,7.914338709,-77.02189562,R0
col,9004050,7.96605187,-77.04876208,R0
col,9003847,8.057401242,-77.03554835,R0
col,9003851,8.077780133,-77.06600111,R0
col,9003840,8.084440453,-77.03506579,R0
col,9003841,8.09904484,-76.99510612,R0
col,9003861,8.051908877,-77.06236834,R0
col,9003862,8.050833336,-77.04250001,R0
col,9003939,8.020442101,-77.07940012,R0
col,9003519,8.283116434,-77.13352454,R0
col,9003619,8.251997519,-77.08851231,R0
col,9003734,8.221757889,-73.3075683,R0
col,9003471,8.322256431,-73.28095537,R0
col,9003483,8.323392768,-73.30566541,R0
col,9003492,8.301291723,-73.32268234,R0
col,9003491,8.30318768,-73.33680101,R0
col,9003525,8.286288442,-73.35448774,R0
col,9003398,8.386484258,-76.54317034,R0
col,9003641,8.239912777,-76.51571409,R0
col,9003505,8.324235911,-76.49042415,R0
col,9003538,8.278530955,-76.48001865,R0
col,9003674,8.18426903,-76.51323608,R0
col,9003922,8.107529292,-76.46093739,R0
col,9003506,8.330461351,-76.61085575,R0
col,9003963,8.021279512,-76.58529413,R0
col,9003890,8.04007276,-76.70028604,R0
col,9003892,8.044861984,-76.6609066,R0
col,9003758,8.132224272,-76.67760082,R0
col,9004898,7.522449677,-76.67526373,R0
col,9004111,7.921132926,-76.74019091,R0
col,9004404,7.756875003,-76.82145834,R0
col,9003772,8.148806221,-76.95151269,R0
col,9004051,8.028349864,-76.97541891,R0
col,9004660,7.73262978,-77.01407166,R0
col,9004470,7.806755983,-77.10535387,R0
col,9004399,7.830841889,-76.93220421,R0
col,9003511,8.295747014,-77.1552891,R0
col,9003187,8.542765153,-77.30550594,R0
col,9003188,8.503412812,-77.27628293,R0
col,9003429,8.401504558,-77.24876714,R0
col,9003399,8.366211982,-76.47303606,R0
col,9003388,8.41141534,-76.62208307,R0
col,9003258,8.452789362,-76.61359333,R0
col,9003255,8.475809348,-76.65110174,R0
col,9003182,8.520570903,-76.6347694,R0
col,9002964,8.664194739,-76.65519532,R0
col,9003539,8.274540264,-76.75009839,R100
col,9003423,8.35008112,-76.73166338,R100
col,9003333,8.414950494,-76.75488991,R0
col,9003181,8.572543765,-76.70212149,R0
col,9003038,8.621846973,-76.76788457,R0
col,9003050,8.651145388,-76.50551712,R0
col,9002984,8.656861348,-76.43924683,R0
col,9002957,8.670722834,-76.43810948,R0
col,9003146,8.591662683,-76.43425659,R0
col,9003200,8.58230896,-76.35477127,R0
col,9000959,10.17245978,-75.50882195,R0
col,9000471,10.66154645,-75.38849538,R0
col,9000717,10.43588739,-75.48101718,R0
col,9000666,10.46368941,-75.43690466,R0
col,9000653,10.47724105,-75.48378591,R0
col,9000636,10.485625,-75.48270834,R0
col,9000635,10.48642571,-75.48742723,R0
col,9000766,10.3833763,-73.46898011,R0
col,9000765,10.35874404,-73.46750594,R0
col,9000718,10.41629615,-73.67113738,R0
col,9000695,10.45272527,-73.68763811,R0
col,9000750,10.40752065,-73.35964614,R0
col,9000948,10.26819956,-73.39141172,R0
col,9001123,10.16912072,-73.45595331,R0
col,9001124,10.09658683,-73.44110108,R0
col,9000811,10.32894357,-73.25566465,R0
col,9000840,10.33121226,-73.32409501,R0
col,9000772,10.35166667,-73.25458334,R0
col,9000779,10.35208651,-73.28582795,R0
col,9000770,10.35857582,-73.24183045,R0
col,9000749,10.3879693,-73.3095547,R0
col,9000769,10.39836912,-73.28162757,R0
col,9000949,10.21703555,-73.31799525,R0
col,9000841,10.29137537,-73.27043914,R0
col,9000753,10.37144598,-73.23078073,R0
col,9000743,10.41199498,-73.21044322,R0
col,9001089,10.09690876,-73.55587114,R0
col,9001012,10.12709776,-73.56907238,R0
col,9001090,10.16988437,-73.55907638,R0
col,9001213,9.983853669,-73.57614537,R0
col,9001214,9.987115467,-73.55316683,R0
col,9001182,10.02188245,-73.54262851,R0
col,9001183,10.0219749,-73.52729872,R0
col,9001146,10.04458334,-73.49458334,R0
col,9001140,10.05821921,-73.53534438,R0
col,9001139,10.06047599,-73.569122,R0
col,9001281,9.938639987,-73.58507714,R0
col,9001280,10.0479194,-73.70878461,R0
col,9001011,10.14690417,-73.62763476,R0
col,9000970,10.1958682,-73.72101908,R0
col,9000963,10.18322306,-73.68527812,R0
col,9000549,10.57649042,-73.43710319,R0
col,9000536,10.62582347,-73.42564615,R0
col,9000474,10.6617765,-73.48052851,R0
col,9000534,10.60766833,-73.08912326,R0
col,9000488,10.63299487,-73.09283848,R0
col,9000484,10.64519394,-73.09752198,R0
col,9000679,10.45315706,-73.18359553,R0
col,9000657,10.48871034,-73.18468169,R0
col,9000678,10.51801327,-73.30029526,R0
col,9000649,10.56607719,-73.2018977,R0
col,9000437,10.74810739,-73.37940507,R0
col,9000465,10.72058064,-73.46770444,R0
col,9000438,10.71138033,-73.28012081,R0
col,9000416,10.74396931,-73.28399174,R0
col,9000417,10.81868754,-73.28299116,R0
col,9000490,10.65430396,-73.18891823,R0
col,9000477,10.66899733,-73.83013821,R0
col,9000455,10.69033672,-73.72836494,R0
col,9000449,10.70886656,-73.76081543,R0
col,9000454,10.71783682,-73.81946107,R0
col,9000651,10.4749391,-74.108043,R0
col,9000652,10.48441051,-74.08276929,R0
col,9000640,10.54419217,-73.99123388,R0
col,9000545,10.61490323,-74.04158277,R0
col,9009519,5.219280177,-70.77276712,R0
col,9009457,5.230040868,-70.71326761,R0
col,9009277,5.298311422,-70.67106812,R0
col,9009719,5.117903707,-70.94955205,R0
col,9009682,5.144223393,-70.89151758,R0
col,9009633,5.153327809,-70.83718298,R0
col,9010095,4.995143746,-70.95708328,R0
col,9009866,5.048213002,-70.97877621,R0
col,9009858,5.050625004,-70.97020834,R0
col,9009888,5.0476312,-70.40627212,R0
col,9009887,5.050309813,-70.44641555,R0
col,9010146,5.083073966,-70.49663762,R0
col,9009991,5.130222992,-70.54926013,R0
col,9010394,4.834785999,-70.79288239,R0
col,9010395,4.814916408,-70.75932345,R0
col,9010616,4.721230658,-70.47337097,R0
col,9010605,4.752589889,-70.58170774,R0
col,9010342,4.850946472,-70.40625169,R0
col,9010341,4.865773735,-70.5106961,R0
col,9010617,4.795906125,-70.31344824,R0
col,9010356,4.86193278,-70.29981611,R0
col,9010576,4.752175122,-70.97250695,R0
col,9010487,4.772586554,-71.01050214,R0
col,9010477,4.781632876,-70.96859303,R0
col,9010446,4.793319942,-70.96074263,R0
col,9003937,8.096241626,-72.56650874,R0
col,9003820,8.150817297,-72.49821968,R0
col,9003589,8.304909869,-72.47660749,R0
col,9004153,7.895217534,-72.57899935,R0
col,9004105,7.95915881,-72.59269545,R0
col,9003626,8.227979529,-72.38713856,R0
col,9003971,8.092618196,-72.41271403,R0
col,9003668,8.191927539,-72.38139571,R0
col,9004505,7.810320902,-72.52450251,R0
col,9008223,5.763427572,-72.89339305,R0
col,9008234,5.774105427,-72.98105335,R0
col,9014236,3.330449833,-76.31947958,R0
col,9014121,3.369170266,-76.34049403,R0
col,9014106,3.375419923,-76.44576992,R0
col,9014004,3.392994356,-76.42891177,R0
col,9013840,3.453721329,-76.37230594,R0
col,9013978,3.435104587,-76.45528949,R0
col,9014198,3.331425249,-76.45103598,R0
col,9010597,4.74660904,-75.84811925,R0
col,9010981,4.653917335,-75.84815836,R0
col,9010656,4.727555422,-75.9875551,R0
col,9010530,4.761666671,-75.97750001,R0
col,9007196,6.279536069,-71.20951098,R0
col,9007426,6.178378236,-71.64679675,R0
col,9007332,6.208168223,-71.59499777,R0
col,9007444,6.157791933,-71.57581588,R0
col,9007543,6.155992619,-71.24958644,R0
col,9007433,6.146548991,-71.91636645,R0
col,9007451,6.147188623,-71.98675876,R0
col,9007590,6.085608327,-69.90324485,R0
col,9007302,6.211611824,-70.09505733,R0
col,9007293,6.233274157,-70.09782948,R0
col,9007240,6.248622978,-71.14108688,R0
col,9007506,6.13191714,-70.31958131,R0
col,9007499,6.150693309,-70.27437365,R0
col,9007597,6.089997888,-70.504412,R0
col,9007508,6.128019984,-70.79163327,R0
col,9007495,6.108363735,-70.67423519,R0
col,9007505,6.103193324,-70.64389395,R0
col,9007626,6.054315406,-70.93863286,R0
col,9007583,6.073864369,-71.07223188,R0
col,9007907,5.91349687,-71.49747152,R0
col,9007828,5.947488376,-71.39830406,R0
col,9007807,5.962803913,-71.45691767,R0
col,9007824,5.964815257,-71.57059965,R0
col,9007692,6.018495864,-71.32982321,R0
col,9007645,6.070137521,-71.45019199,R0
col,9007953,5.87524628,-71.51434133,R0
col,9007880,5.93709444,-71.91656706,R0
col,9008061,5.847406688,-71.70294557,R0
col,9007968,5.900317393,-71.80105739,R0
col,9007962,5.9305978,-71.78105613,R0
col,9007673,6.032618869,-71.80202107,R0
col,9007620,6.046456256,-71.74740889,R0
col,9002301,9.150918892,-74.30033925,R0
col,9002244,9.186198069,-74.29430702,R0
col,9024196,-0.21443897,-70.01244401,R0
col,9024103,-0.198958327,-70.03041668,R0
col,9037439,-3.827275908,-70.39727726,R0
col,9006168,6.809583336,-69.79291668,R0
col,9020262,1.129500897,-66.86680599,R0
col,9006250,6.790446826,-69.82959303,R0
col,9021989,0.501194424,-69.61425982,R0
col,9007314,6.26805649,-69.50770787,R0
col,9020583,1.034012446,-67.196633,R0
col,9020584,1.010868504,-67.11836288,R0
col,9022439,0.367515079,-69.85159454,R0
col,9022438,0.339236729,-69.8680992,R0
col,9021932,0.564248103,-69.61043972,R0
col,9007187,6.290701503,-69.44466334,R0
col,9006080,6.884589415,-69.88123241,R0
col,9006256,6.816568622,-69.94371735,R0
col,9006261,6.776023109,-69.88607144,R0
col,9006167,6.835598233,-69.82530371,R0
col,9020509,1.02950657,-67.0512716,R0
col,9020665,1.002330587,-69.18182356,R0
col,9006102,6.849712252,-69.8931878,R0
col,9015419,2.850327982,-67.73147853,R0
col,9038324,-4.01309373,-69.70943425,R0
col,9015417,2.837916671,-67.74875001,R0
col,9038844,-4.153912392,-70.0135607,R0
col,9019791,1.287061128,-66.87355341,R0
col,9037951,-3.933327919,-70.56410211,R0
col,9015418,2.837860089,-67.74193419,R0
col,9037990,-3.94376214,-69.82721958,R0
col,9015416,2.863617281,-67.78434099,R0
col,9018467,1.775331125,-66.99887435,R0
col,9039704,-4.304373631,-70.06607571,R0
col,9039785,-4.371731775,-70.04998903,R0
col,9015760,2.806044044,-67.5499432,R0
col,9039300,-4.222502861,-70.14089514,R0
col,9020047,1.21378917,-66.85428659,R0
col,9039636,-4.270232025,-69.79912232,R0
col,9021829,0.557066992,-69.46269567,R0
col,9021798,0.563196118,-69.80037977,R0
col,9007227,6.287894624,-68.50763045,R0
col,9007165,6.30970475,-69.29888746,R0
col,9022004,0.498481591,-69.62538606,R0
col,9007268,6.246173232,-67.30476496,R0
col,9022005,0.502019455,-69.07797988,R0
col,9037998,-3.936177898,-70.35614673,R0
col,9039062,-4.170372276,-69.87289196,R0
col,9039063,-4.179827302,-69.82442171,R0
col,9022810,0.241581207,-69.97242406,R0
col,9022634,0.334551652,-69.97169237,R0
col,9022639,0.267428517,-69.97110703,R0
col,9007648,6.041767175,-67.30096196,R0
col,9024481,-0.293726811,-75.05159966,R0
col,9024491,-0.224848033,-75.0195914,R0
col,9024498,-0.310039233,-74.95191463,R0
col,9024601,-0.323429207,-69.79801052,R0
col,9024602,-0.346597712,-69.77922336,R0
col,9024997,-0.41729521,-69.59228605,R0
col,9024998,-0.459718098,-69.53071854,R0
col,9024726,-0.367375334,-69.78287726,R0
col,9020432,1.047056565,-67.06414123,R0
col,9020302,1.115577025,-67.22738956,R0
col,9006578,6.631717363,-69.62918545,R0
col,9021051,0.813197416,-68.97853221,R0
col,9006689,6.537083336,-69.75875001,R0
col,9026016,-0.768717672,-74.50236937,R0
col,9026267,-0.879443768,-69.51330279,R0
col,9026166,-0.818261298,-74.4433287,R0
col,9026234,-0.853769991,-74.4153635,R0
col,9025268,-0.514863013,-69.57381994,R0
col,9025299,-0.56337705,-69.54994615,R0
col,9025298,-0.562499994,-69.57083334,R0
col,9025399,-0.585208561,-69.55416256,R0
col,9034813,-3.199056073,-70.4575324,R0
col,9034817,-3.186494595,-70.34771054,R0
col,9034838,-3.20278636,-70.41511383,R0
col,9012819,3.854299157,-67.64492424,R0
col,9035015,-3.254960894,-69.64977894,R0
col,9035123,-3.238563355,-70.54729927,R0
col,9035163,-3.294113477,-70.56726387,R0
col,9012605,3.954319726,-67.51755924,R0
col,9009506,5.200927883,-67.82143842,R0
col,9009062,5.447361802,-67.5341505,R0
col,9009067,5.430916293,-67.60461936,R0
col,9013049,3.752342629,-67.59675359,R0
col,9012840,3.836811341,-67.62626942,R0
col,9013042,3.795512316,-67.6312213,R0
col,9012287,4.062083337,-67.69625001,R0
col,9009306,5.312772662,-67.83933678,R0
col,9024197,-0.215349385,-69.9896478,R0
col,9021399,0.693001888,-69.13501749,R0
col,9021543,0.665125564,-69.09099063,R0
col,9012228,4.083379479,-67.68107102,R0
col,9021629,0.639740505,-69.17412525,R0
col,9021646,0.621788417,-69.28828439,R0
col,9022179,0.515027716,-69.14956188,R0
col,9026026,-0.78359315,-74.54097525,R0
col,9011348,4.429375004,-67.77604168,R0
col,9012214,4.149273738,-67.74790227,R0
col,9012227,4.080137557,-67.71275718,R0
col,9034767,-3.157981057,-70.44130739,R0
col,9012243,4.076253756,-67.71516354,R0
col,9011746,4.328764691,-67.73155325,R0
col,9011902,4.264580501,-67.78969129,R0
col,9011639,4.318125004,-67.79270834,R0
col,9030308,-1.954569501,-73.26517735,R0
col,9030065,-1.888195561,-73.54248803,R0
col,9029957,-1.907444622,-73.34023734,R0
col,9010555,4.842972498,-67.7288545,R0
col,9030970,-2.176809997,-69.43939489,R0
col,9010601,4.744106761,-67.65183333,R0
col,9030307,-1.976430464,-73.38445266,R0
col,9017652,2.050815971,-66.98540885,R0
col,9029629,-1.825405323,-73.59363267,R0
col,9026673,-0.977430883,-69.43172362,R0
col,9026686,-0.974454077,-69.46413201,R0
col,9028649,-1.535274749,-69.4393535,R0
col,9029933,-1.890525314,-73.32065521,R0
col,9029646,-1.817985978,-69.44880058,R0
col,9029551,-1.798710657,-73.45904589,R0
col,9029624,-1.788290299,-73.63476586,R0
col,9020314,1.079142973,-69.57271203,R0
col,9020315,1.086982446,-69.56085698,R0
col,9020195,1.118044368,-69.69700766,R0
col,9020199,1.136159643,-69.76796929,R0
col,9020209,1.11380728,-69.72221166,R0
col,9030878,-2.163907985,-69.4927575,R0
col,9010137,4.979626334,-67.63653086,R0
col,9028734,-1.589357052,-69.32198962,R0
col,9029077,-1.636991009,-69.36055263,R0
col,9020320,1.088250782,-69.65846474,R0
col,9031055,-2.079825095,-69.37682965,R0
col,9010991,4.612518167,-67.68647844,R0
col,9030874,-2.125309568,-69.55641298,R0
col,9024680,-0.309975516,-69.9126635,R0
col,9024725,-0.377530933,-69.80403617,R0
col,9024675,-0.281003868,-69.66062974,R0
col,9024676,-0.356888023,-69.59259683,R0
col,9006214,6.795957566,-69.7424205,R0
col,9020263,1.130275376,-66.85368258,R0
col,9005847,7.003513299,-70.44707277,R0
col,9020146,1.159389692,-66.73008601,R0
col,9005773,7.01525576,-70.07628446,R0
col,9005774,7.024579728,-69.88129342,R0
col,9005402,7.337461092,-77.85242001,R0
col,9020431,1.042079717,-67.07842838,R0
col,9028728,-1.588749994,-69.34583334,R0
col,9029573,-1.777225687,-69.47651386,R0
col,9028819,-1.600797039,-69.28703263,R0
col,9028846,-1.569664724,-73.60113039,R0
col,9029479,-1.785536389,-73.47020217,R0
col,9028727,-1.55328089,-69.35037751,R0
col,9028735,-1.548039308,-69.2834297,R0
col,9028747,-1.585477843,-69.43874656,R0
col,9021025,0.862078607,-69.00781812,R0
col,9006726,6.526391232,-69.71391132,R0
col,9028726,-1.579332453,-69.37697943,R0
col,9006301,6.763882599,-69.85560049,R0
col,9009636,5.162585738,-67.77377068,R0
col,9009685,5.167552389,-67.83266826,R0
col,9010266,4.910195092,-67.83178495,R0
col,9027930,-1.345316579,-73.98021231,R0
col,9010111,5.005781608,-67.81670584,R0
col,9008453,5.714615916,-67.63137499,R0
col,9008738,5.560717774,-67.51543128,R0
col,9009507,5.216768235,-67.72412424,R0
col,9027794,-1.316324272,-69.26676452,R0
col,9028104,-1.401080099,-69.37132022,R0
col,9027988,-1.358991193,-69.32320032,R0
col,9012310,4.05335773,-67.6421875,R0
col,9027931,-1.352757529,-69.37585647,R0
col,9005804,7.016946351,-71.12082995,R0
col,9005831,6.998055677,-71.00596417,R0
col,9027793,-1.314311586,-69.27920811,R0
col,9007435,6.13406711,-68.6668805,R0
col,9007436,6.134375003,-68.65687501,R0
col,9027221,-1.127673943,-74.10314222,R0
col,9009818,5.068541671,-67.80729168,R0
col,9007318,6.20801835,-68.01812194,R0
col,9007321,6.202598296,-69.00118152,R0
col,9007188,6.266769957,-67.54150186,R0
col,9007434,6.156118689,-68.76021253,R0
col,9012463,3.987252324,-67.53076335,R0
col,9012443,4.012435714,-67.61599454,R0
col,9012444,3.988750005,-67.52750001,R0
col,9010322,4.858456599,-67.82419947,R0
col,9009827,5.093953275,-67.82843186,R0
col,9009828,5.064129609,-67.81456799,R0
col,9010074,5.017644479,-67.76416048,R0
col,9005728,7.054199623,-71.50035515,R0
col,9005696,7.080809907,-69.95579405,R0
col,9004921,7.513684435,-72.19684062,R0
col,9005708,7.111169929,-70.35808234,R0
col,9005725,7.035940143,-69.9316299,R0
col,9020090,1.250712779,-67.21581691,R0
col,9005757,7.032742175,-70.04734751,R0
col,9019670,1.359239444,-69.67737733,R0
col,9019318,1.453956931,-67.16684333,R0
col,9004935,7.640389373,-72.46745799,R0
col,9004877,7.599522218,-72.31450326,R0
col,9019359,1.448497703,-69.71696221,R0
col,9019371,1.44062037,-67.21214597,R0
col,9019493,1.380655302,-67.23059034,R0
col,9005843,6.982542951,-71.0588383,R0
col,9014263,3.306218148,-67.28637804,R0
col,9014358,3.269048516,-67.38211945,R0
col,9013652,3.549691623,-67.41897674,R0
col,9013734,3.500350749,-67.40491508,R0
col,9005756,7.023506084,-71.3126161,R0
col,9005766,7.027662479,-71.48245508,R0
col,9019946,1.206784003,-69.31876054,R0
col,9005620,7.107493253,-71.16568665,R0
col,9005634,7.107587939,-71.36956987,R0
col,9005707,7.045721347,-70.03775473,R0
col,9020003,1.209396448,-69.4832293,R0
col,9019977,1.188345312,-66.7377133,R0
col,9005772,7.030022851,-70.13106574,R0
col,9005581,7.142336097,-71.14022074,R0
col,9032254,-2.539440683,-73.0501463,R0
col,9032263,-2.501917429,-72.21388243,R0
col,9032092,-2.495812519,-70.61747832,R0
col,9034324,-3.062333077,-69.67103615,R0
col,9032162,-2.449984741,-71.17220389,R0
col,9031278,-2.22403173,-69.5112341,R0
col,9031557,-2.263144815,-69.48657413,R0
col,9031813,-2.404949221,-71.12389681,R0
col,9034940,-3.209033525,-70.50584892,R0
col,9034999,-3.244128654,-69.639218,R0
col,9034285,-3.063432021,-69.63156447,R0
col,9036333,-3.511714571,-70.57118264,R0
col,9034216,-3.00609146,-69.59425631,R0
col,9034739,-3.139830151,-70.47709588,R0
col,9034752,-3.189868911,-70.48188934,R0
col,9034881,-3.212806896,-70.45446907,R0
col,9012752,3.9636016,-67.68580457,R0
col,9013272,3.675730807,-67.35924827,R0
col,9013488,3.585342232,-67.42417603,R0
col,9031913,-2.329510757,-73.28463808,R0
col,9013228,3.70581001,-67.47335141,R0
col,9011397,4.421505479,-67.77711086,R0
col,9011500,4.393765819,-67.7754796,R0
col,9035865,-3.456557077,-70.68507726,R0
col,9035943,-3.466591957,-69.77993076,R0
col,9035835,-3.404314397,-69.7139184,R0
col,9032133,-2.490816733,-73.18673824,R0
col,9031916,-2.438235757,-71.33071337,R0
col,9031930,-2.45229166,-72.21604168,R0
col,9031937,-2.441303858,-71.34748786,R0
col,9035379,-3.317671213,-70.55904656,R0
col,9026763,-1.011752332,-74.37410999,R0
col,9026764,-1.016331769,-74.34198951,R0
col,9026746,-0.984914584,-74.3862219,R0
col,9017791,2.022949982,-67.07149562,R0
col,9007132,6.314530839,-67.68983423,R0
col,9026836,-1.030285722,-74.34244013,R0
col,9028564,-1.516197682,-73.68176604,R0
col,9027243,-1.160298156,-74.1049066,R0
col,9030315,-2.014209054,-73.26919009,R0
col,9017691,2.035494293,-67.02039818,R0
col,9030376,-2.021948284,-73.29029015,R0
col,9007470,6.116275696,-69.4233301,R0
col,9017818,2.014757205,-66.9593665,R0
col,9030134,-1.951408116,-73.50211634,R0
col,9010772,4.716084644,-67.72719311,R0
col,9017672,2.043688986,-67.00875001,R0
col,9034733,-3.175265218,-70.51279074,R0
col,9035988,-3.473034765,-69.74836787,R0
col,9036332,-3.514154648,-70.63738451,R0
col,9007329,6.227344427,-67.49603339,R0
col,9035473,-3.335050087,-69.6198526,R0
col,9035476,-3.343524195,-69.72396285,R0
col,9035207,-3.275603135,-69.60304123,R0
col,9034766,-3.191929092,-70.46712766,R0
col,9007372,6.183305112,-69.15453469,R0
col,9007378,6.167402401,-68.33251448,R0
col,9007379,6.183409684,-68.39220444,R0
col,9007131,6.307594208,-67.78156492,R0
col,9007363,6.184495375,-68.93239251,R0
col,9007364,6.18191235,-68.86588111,R0
col,9027417,-1.173690533,-73.96652742,R0
col,9007285,6.227952335,-67.96432003,R0
col,9036581,-3.604790527,-70.60041696,R0
col,9019309,1.477082025,-66.87817971,R0
col,9036667,-3.62559996,-69.67133466,R0
col,9019372,1.414976953,-66.89851548,R0
col,9037816,-3.840541362,-69.68814022,R0
col,9018817,1.629290004,-66.92357787,R0
col,9037305,-3.732443026,-70.80060641,R0
col,9037909,-3.932282825,-70.61070764,R0
col,9007330,6.236837516,-67.40067774,R0
col,9017424,2.18060315,-67.18624609,R0
col,9019618,1.346792415,-66.82448869,R0
col,9037894,-3.857264316,-70.77100655,R0
col,9019721,1.299208296,-66.84651075,R0
col,9036580,-3.604873222,-70.67613163,R0
col,9033085,-2.747000374,-70.38248687,R0
col,9033852,-2.903546552,-69.5083863,R0
col,9033687,-2.906195322,-69.6777104,R0
col,9032454,-2.564402669,-72.90705856,R0
col,9032725,-2.571761178,-69.47683358,R0
col,9011021,4.61606153,-67.74709948,R0
col,9031567,-2.322719406,-71.69493803,R0
col,9031374,-2.29233189,-71.69619536,R0
col,9033851,-2.938453809,-69.62090181,R0
col,9037920,-3.934394019,-70.59832777,R0
col,9037925,-3.932755451,-70.79364419,R0
col,9037926,-3.929191789,-70.53048197,R0
col,9032456,-2.56822881,-72.98088429,R0
col,9032846,-2.640587818,-70.61440704,R0
col,9032972,-2.706403881,-70.34331867,R0
col,9032994,-2.739283763,-70.27641851,R0
col,9037415,-3.808933935,-70.35109006,R0
col,9037707,-3.856915006,-70.42245794,R0
col,9037821,-3.900014554,-70.35779047,R0
col,9037845,-3.906679909,-70.43526245,R0
col,9000059,11.75418608,-71.50194971,R0
col,9037942,-3.929594656,-70.41901803,R0
col,9038162,-3.958475892,-70.18041568,R0
col,9038426,-4.034961282,-70.21338529,R0
col,9000954,10.18170127,-72.79891171,R0
col,9000044,11.91506493,-71.31751681,R0
col,9000045,11.91461625,-71.28992053,R0
col,9016857,2.349581208,-67.11288114,R0
col,9038664,-4.079388295,-70.20083397,R0
col,9038835,-4.095411381,-70.05828735,R0
col,9037570,-3.83221829,-70.28196666,R0
col,9001127,10.05492527,-72.82878657,R0
col,9007359,6.184964104,-67.45831847,R0
col,9007390,6.168972616,-67.47558037,R0
col,9007445,6.150354575,-67.40187126,R0
col,9037244,-3.772538264,-70.84965812,R0
col,9007702,6.010710231,-67.37432542,R0
col,9008143,5.823188435,-67.54755295,R0
col,9007971,5.899582466,-67.53715326,R0
col,9008072,5.901054499,-67.3986928,R0
col,9037859,-3.900973763,-70.49112354,R0
col,9037895,-3.892742362,-70.69388143,R0
col,9039635,-4.276948442,-69.91701638,R0
col,9017565,2.112376686,-67.09289535,R0
col,9007486,6.133394191,-67.4867576,R0
col,9007674,6.061463475,-67.44383152,R0
col,9037343,-3.802676213,-70.81363047,R0
col,9026652,-0.935633137,-74.27475897,R0
col,9014171,3.324293594,-67.19953077,R0
col,9014172,3.349145174,-67.17465539,R0
col,9027859,-1.263730107,-73.67599614,R0
col,9029675,-1.81336595,-73.20475594,R0
col,9029473,-1.780558173,-73.44916132,R0
col,9026826,-1.01668307,-74.02156936,R0
col,9014169,3.343157412,-67.20540138,R0
col,9014390,3.236076799,-67.41952698,R0
col,9025692,-0.672465591,-74.39724005,R0
col,9025693,-0.619622111,-74.3711657,R0
col,9027941,-1.348565679,-73.65317048,R0
col,9027418,-1.192747089,-73.87966212,R0
col,9027511,-1.228411435,-73.9632837,R0
col,9018348,1.838651763,-67.02146247,R0
col,9038120,-3.970178033,-69.79393167,R0
col,9038194,-3.99621074,-69.78971375,R0
col,9038262,-4.011422784,-70.25931789,R0
col,9039836,-4.350125281,-69.99258456,R0
col,9017860,1.979703519,-67.11527909,R0
col,9036979,-3.710119537,-69.70444799,R0
col,9016561,2.438713121,-67.28549755,R0
col,9026747,-1.001522346,-74.29044548,R0
col,9027558,-1.25390415,-73.78711464,R0
col,9014394,3.237588903,-67.38521463,R0
col,9038289,-4.00209488,-70.24547191,R0
col,9039841,-4.386235042,-69.93849974,R0
col,9015978,2.681599037,-67.40063088,R0
col,9015988,2.675895726,-67.56702258,R0
col,9032391,-2.52333846,-70.53775166,R0
col,9017119,2.236493025,-67.19910473,R0
col,9017086,2.294684446,-67.2107105,R0
col,9007934,5.939931858,-67.34537496,R0
col,9032629,-2.597418373,-72.09523404,R0
col,9032468,-2.542991383,-71.51053233,R0
col,9032473,-2.595038759,-72.79929797,R0
col,9032368,-2.533186952,-72.38597882,R0
col,9016856,2.344533657,-67.15567021,R0
col,9033226,-2.744240178,-69.55297131,R0
col,9033320,-2.784389909,-70.23957135,R0
col,9033583,-2.88844778,-69.6491164,R0
col,9007948,5.902116877,-67.5010546,R0
col,9032505,-2.598694214,-72.88263934,R0
col,9032506,-2.607916659,-72.86083334,R0
col,9032517,-2.603397052,-72.82823348,R0
col,9026292,-0.811575465,-74.29742269,R0
col,9028223,-1.436199506,-73.58209151,R0
col,9029189,-1.555011599,-73.50462662,R0
col,9029217,-1.677420205,-73.55937607,R0
col,9024799,-0.384218634,-74.66203619,R0
col,9025813,-0.650995479,-74.49457325,R0
col,9026291,-0.858605406,-74.35091335,R0
col,9028177,-1.3895178,-73.56681426,R0
col,9032452,-2.587688187,-72.02160934,R0
col,9032619,-2.639577722,-69.63152825,R0
col,9032620,-2.529024506,-69.61508945,R0
col,9029539,-1.781689228,-73.25006286,R0
col,9024600,-0.321726872,-74.82879984,R0
col,9029444,-1.746296673,-73.46109888,R0
col,9000529,10.66030756,-72.64602895,R0
col,9001161,10.03183538,-72.81469836,R0
col,9000707,10.50030356,-72.74117604,R0
col,9000422,10.73274339,-72.60510107,R0
col,9031575,-2.352186068,-71.23676211,R0
col,9031562,-2.321347204,-71.91425146,R0
col,9000410,10.73912479,-72.61176777,R0
col,9000421,10.74170682,-72.6396384,R0
col,9031063,-2.207102246,-71.82661796,R0
col,9031021,-2.117308253,-73.22075673,R0
col,9032414,-2.555734352,-70.45723742,R0
col,9032430,-2.579357001,-70.34500098,R0
col,9016284,2.554836678,-67.14243541,R0
col,9000408,10.7831109,-72.58319023,R0
col,9030493,-2.043769949,-73.13897203,R0
col,9030297,-1.994215383,-73.15133932,R0
col,9031735,-2.341243091,-71.41769568,R0
col,9031876,-2.417833458,-70.68344301,R0
col,9031950,-2.338908647,-70.92008371,R0
col,9031971,-2.446382545,-72.65775523,R0
col,9014763,3.121071607,-67.56905086,R0
col,9032040,-2.482975338,-72.34191606,R0
col,9013660,3.583575461,-67.22724261,R0
col,9000565,10.57909932,-72.73286949,R0
col,9031467,-2.299633357,-71.13011631,R0
col,9031568,-2.313030067,-70.97052356,R0
col,9031921,-2.441115425,-72.12183387,R0
col,9031924,-2.414643443,-72.72241539,R0
col,9013136,3.743940458,-67.41902757,R0
col,9013745,3.513764811,-67.32581572,R0
col,9026523,-0.938096288,-69.50408642,R0
col,9026053,-0.765735437,-69.60591293,R0
col,9026054,-0.749837428,-69.52300512,R0
col,9026264,-0.846151983,-69.55297479,R0
col,9020967,0.846532265,-69.12801246,R0
col,9025321,-0.564563603,-69.58933026,R0
col,9026765,-1.008205763,-69.42993271,R0
col,9026766,-1.000682815,-69.39281506,R0
col,9020341,1.085734579,-69.79285046,R0
col,9022752,0.255518093,-70.02811367,R0
col,9026425,-0.904547345,-69.52683965,R0
col,9007751,5.997709156,-67.28374438,R0
col,9022667,0.269334382,-69.90719409,R0
col,9031434,-2.269082049,-71.52244654,R0
col,9031449,-2.304055045,-70.82064548,R0
col,9031022,-2.120905178,-73.10977623,R0
col,9014699,3.182784335,-67.33225705,R0
col,9031430,-2.269066641,-71.61898458,R0
col,9031334,-2.27817035,-71.06028353,R0
col,9031650,-2.353815364,-71.29917822,R0
col,9031657,-2.365765373,-71.87345487,R0
col,9020664,0.96098788,-69.19302525,R0
col,9028251,-1.424087531,-69.43269104,R0
col,9020798,0.934226796,-69.17927058,R0
col,9020799,0.925987299,-69.15361404,R0
col,9031686,-2.357404108,-71.11523074,R0
col,9031699,-2.333048952,-71.04636896,R0
col,9020976,0.847333466,-69.15503915,R0
col,9020919,0.885140767,-69.1580155,R0
col,9016048,2.646005347,-67.27839281,R0
col,9016055,2.631570935,-67.2294871,R0
col,9000123,11.3567369,-71.99048387,R0
col,9000230,11.05307979,-72.22778295,R0
col,9015963,2.676377314,-67.28994922,R0
col,9016101,2.619960965,-67.23346807,R0
col,9037846,-3.912993352,-70.38328964,R0
col,9000241,11.05456534,-72.36075347,R0
col,9000361,10.83145077,-72.56154921,R0
col,9000362,10.92268655,-72.44939799,R0
col,9000077,11.55036971,-71.97599243,R0
col,9015321,2.885754761,-67.60271121,R0
col,9015292,2.887371193,-67.54812639,R0
col,9015190,2.99493247,-67.44378681,R0
col,9000862,10.29549795,-72.75841745,R0
col,9000910,10.22583547,-72.75006039,R0
col,9000863,10.24649141,-72.78379748,R0
col,9000083,11.54542112,-72.01377378,R0
col,9000211,11.09558738,-72.36582629,R0
col,9000219,11.08145443,-72.12708545,R0
col,9000254,11.01958132,-72.39430251,R0
col,9000076,11.58615526,-72.00119887,R0
col,9000070,11.63463181,-71.95525004,R0
col,9000082,11.54842808,-71.9960241,R0
col,9000221,11.076603,-72.2831881,R0
col,9032130,-2.44369527,-71.56897466,R0
col,9014791,3.096703726,-67.60380866,R0
col,9032371,-2.472744736,-71.99185868,R0
col,9032244,-2.502615664,-72.48372813,R0
col,9031827,-2.391989996,-71.27773002,R0
col,9031834,-2.403514426,-71.32361577,R0
col,9032825,-2.656951529,-70.16440071,R0
col,9032108,-2.411015506,-70.77018206,R0
col,9014231,3.315037143,-67.15675585,R0
col,9032327,-2.521640717,-72.33618684,R0
col,9032362,-2.52063942,-70.34524367,R0
col,9032060,-2.477643598,-72.70471742,R0
col,9037678,-3.877625567,-70.53287139,R0
col,9014904,3.056067419,-67.38696373,R0
col,9014881,3.080861055,-67.5799692,R0
col,9033208,-2.755874151,-70.14829989,R0
col,9031895,-2.44041127,-72.46565622,R0
col,9000002,12.40985889,-71.64383175,R0
col,9014872,3.144781453,-67.38851649,R0
col,9002094,9.309713864,-73.00364266,R0
col,9002257,9.184505518,-73.19607255,R0
col,9001975,9.37381542,-72.99057143,R0
col,9001934,9.444341236,-73.00999925,R0
col,9002180,9.233157655,-73.18542252,R0
col,9019492,1.371538947,-67.25865568,R0
col,9002073,9.320106436,-72.84469208,R0
col,9002080,9.295794603,-72.91743792,R0
col,9017349,2.245225927,-67.03010489,R0
col,9001974,9.383524641,-73.06037105,R0
col,9002325,9.106629894,-72.72405987,R0
col,9002300,9.147962084,-72.67455945,R0
col,9001675,9.619730889,-72.91434851,R0
col,9001676,9.595508536,-72.90444881,R0
col,9001938,9.397634101,-73.00142245,R0
col,9002000,9.348580579,-73.00220701,R0
col,9002593,8.967955813,-72.59793605,R0
col,9002725,8.908698744,-72.68773951,R0
col,9002177,9.24676341,-73.078842,R0
col,9002150,9.28972352,-72.80116626,R0
col,9018176,1.865357007,-67.55888491,R0
col,9018215,1.830019084,-67.73816297,R0
col,9017982,1.917914248,-67.52862697,R0
col,9017983,1.927120366,-67.51168458,R0
col,9002105,9.284780764,-73.1189019,R0
col,9002111,9.285544282,-72.88919968,R0
col,9017550,2.104412562,-67.50691305,R0
col,9017462,2.122307209,-67.42383923,R0
col,9002006,9.346042414,-73.06070073,R0
col,9002103,9.277334122,-73.00373381,R0
col,9002458,9.067996906,-72.58187178,R0
col,9017659,2.081945794,-67.40460207,R0
col,9018986,1.582794789,-68.20471605,R0
col,9018939,1.609786093,-69.62200141,R0
col,9003717,8.180289263,-72.34339812,R0
col,9003730,8.216342541,-72.26569967,R0
col,9004357,7.792023999,-72.44053765,R0
col,9018818,1.618562575,-69.15022355,R0
col,9018985,1.557748202,-68.24078593,R0
col,9018471,1.744534363,-67.22862014,R0
col,9018470,1.77000299,-67.2851934,R0
col,9019058,1.593138225,-68.14697004,R0
col,9019078,1.56424001,-68.68010547,R0
col,9018490,1.8039927,-68.11475479,R0
col,9018495,1.73317468,-68.1580255,R0
col,9018724,1.665977005,-69.36623064,R0
col,9004091,8.087494244,-72.27897815,R0
col,9001616,9.640674652,-72.92967102,R0
col,9002393,9.083837813,-72.75539059,R0
col,9018909,1.613402583,-68.74461388,R0
col,9004285,7.832410874,-72.44889064,R0
col,9017551,2.105566597,-67.46409968,R0
col,9002328,9.108761178,-72.69259113,R0
col,9001677,9.595560895,-72.91403368,R0
col,9001611,9.653611683,-72.91795837,R0
col,9018870,1.615370075,-69.41878113,R0
col,9018862,1.62373534,-69.31251135,R0
col,9018921,1.608732165,-68.86662425,R0
col,9018925,1.599442608,-69.75126595,R0
col,9018876,1.613886381,-69.02309561,R0
col,9018757,1.664609461,-69.10039962,R0
col,9019177,1.569002717,-67.1981077,R0
col,9004283,7.830941565,-72.40658615,R0
col,9018740,1.668703877,-68.98482884,R0
col,9018726,1.653853553,-69.49478094,R0
col,9018747,1.654807233,-67.23300317,R0
col,9005434,7.241416149,-70.77871939,R0
col,9018688,1.69270138,-68.13430749,R0
col,9018689,1.712490727,-68.06267211,R0
col,9004080,7.959374596,-72.46521002,R0
col,9018607,1.711169724,-69.35799675,R0
col,9020095,1.167298507,-67.17739167,R0
col,9005717,7.050746488,-69.98077885,R0
col,9005452,7.211712625,-71.65178865,R0
col,9005540,7.143423871,-71.03151846,R0
col,9005478,7.193037569,-71.19676261,R0
col,9005467,7.186998923,-71.7324808,R0
col,9005388,7.283967466,-72.08448412,R0
col,9005711,7.051547476,-70.28461678,R0
col,9005653,7.090216206,-71.82508247,R0
col,9005660,7.112312755,-71.94211581,R0
col,9005643,7.083905656,-70.65320616,R0
col,9018663,1.693896617,-68.34718256,R0
col,9020048,1.192333139,-66.80124401,R0
col,9005603,7.122505067,-71.2533068,R0
col,9019358,1.426444077,-69.738277,R0
col,9003995,7.978919921,-72.4283064,R0
col,9018653,1.701176294,-67.23968021,R0
col,9018627,1.690934528,-69.83424804,R0
col,9018741,1.656338682,-67.92183697,R0
col,9018664,1.671765567,-69.31985245,R0
col,9018665,1.686972657,-69.22923715,R0
col,9018616,1.704237894,-69.14580938,R0
col,9005509,7.171710798,-71.06108835,R0
col,9018162,1.849380708,-67.63499949,R0
col,9003358,8.40657593,-72.40238046,R0
col,9000161,11.21954177,-72.02783862,R0
col,9017912,2.011281532,-67.48903073,R0
col,9003275,8.451676773,-72.3529477,R0
col,9001775,9.546658545,-72.97835961,R0
col,9003323,8.427116476,-72.35973253,R0
col,9003287,8.435467927,-72.40124174,R0
col,9000155,11.27171448,-71.96734269,R0
col,9000143,11.30073668,-72.10069501,R0
col,9018266,1.851326996,-67.46555091,R0
col,9018172,1.876157209,-67.76203782,R0
col,9003028,8.765050384,-72.57996409,R0
col,9017994,1.921322445,-67.44516888,R0
col,9000096,11.48432917,-72.03351196,R0
col,9000180,11.17751226,-72.05026105,R0
col,9019690,1.3144335,-69.68692241,R0
col,9005534,7.18433616,-71.49985221,R0
col,9018318,1.804897326,-67.36916109,R0
col,9003228,8.480877526,-72.34980244,R0
col,9005545,7.165378991,-70.88683396,R0
col,9019846,1.247377808,-69.57899383,R0
col,9005510,7.192063669,-70.93730142,R0
col,9005389,7.262987075,-70.6689176,R0
col,9018302,1.819368691,-67.30653542,R0
col,9018317,1.800144399,-67.41690733,R0
col,9018118,1.896405158,-67.70564291,R0
col,9003285,8.440079776,-72.37630859,R0
col,9003197,8.504931694,-72.36613176,R0
col,9018052,1.900214007,-67.51429987,R0
col,9003574,8.343346955,-72.24571679,R0
col,9003577,8.271609698,-72.37448501,R0
col,9021591,0.646707342,-69.64213505,R0
col,9021715,0.609425383,-69.40231657,R0
col,9021729,0.588529279,-69.78764264,R0
col,9007013,6.387251793,-69.46433494,R0
col,9007021,6.421297074,-67.45046507,R0
col,9007067,6.343172534,-68.25207527,R0
col,9006736,6.554550386,-69.54322734,R0
col,9007097,6.33234609,-69.55547331,R0
col,9007032,6.386467958,-68.11192582,R0
col,9018537,1.720771354,-68.20773934,R0
col,9004535,7.704932393,-72.31641536,R0
col,9022231,0.433761737,-69.28655462,R0
col,9027526,-1.166170103,-69.41338337,R0
col,9019145,1.524714269,-66.78209532,R0
col,9019172,1.480566033,-66.79048043,R0
col,9003605,8.228927201,-72.37114653,R0
col,9018587,1.715749063,-69.75611653,R0
col,9007075,6.351717496,-68.90495813,R0
col,9021714,0.581595668,-69.43615738,R0
col,9007005,6.386088211,-69.57021743,R0
col,9021594,0.68006798,-69.54999206,R0
col,9027527,-1.227428681,-69.41212329,R0
col,9027077,-1.082026339,-69.36218909,R0
col,9018836,1.601939757,-66.96132004,R0
